-4.778752440553764302e-03,2.126603602792562220e-02,4.305801176732325375e-02,8.951313271579943451e-04,-8.724801900739936542e-03,-7.982078637341263189e-03,6.165655174724252868e-02,5.402014342496816446e-02,-2.945646055919982215e-02,-1.582551198204850545e-02
-3.855953993889871950e-02,-9.402272707810573754e-03,4.016893520625512866e-03,-3.091525879760519471e-02,-8.373387842082297139e-02,-2.389487709318375772e-02,-1.238547569839223289e-02,2.601549963195796955e-02,-4.165761438395380878e-02,-3.573836504457161833e-02
-1.657202515751858736e-03,-2.690973399318489015e-02,-5.431673880180638153e-02,-2.709419315074534582e-02,-6.451688088781235009e-02,-5.612063786432239937e-02,-1.699702340988980612e-02,-3.922421760492348503e-02,-2.616136390122244387e-02,-3.708287890927817326e-02
-1.182477264132323659e-02,7.254371855758179333e-02,-5.178246506822180295e-02,-6.684601656276173247e-03,-2.344536642352105030e-02,-4.933619871468020168e-02,-4.805679243346562546e-02,1.621347355196421300e-02,4.031971163483991788e-02,-3.191886273896434034e-02
-1.794558362661791574e-03,-3.322860673262244963e-02,7.053128356926535725e-04,5.300083239782833050e-03,7.160751100829467093e-03,9.534818845729431391e-03,1.971215052093344688e-02,-2.542555595897507195e-02,-3.719588385349644616e-02,4.380447593891344249e-02
3.721949003728768773e-02,-9.910678312228861711e-03,2.293932451059530701e-03,-1.711382956774664277e-03,-1.990578792967094557e-03,-1.502068752310854217e-02,2.532041758240671098e-02,1.553349257099656371e-02,-2.286023760139489422e-02,-9.238001715728286559e-03
5.869619544921772167e-03,-5.317763157550336323e-02,-2.315826186734892822e-02,9.815444871143668912e-03,2.193128302998705037e-02,4.419046059895225670e-02,-3.377376597299770744e-02,-7.349360582413398679e-02,-4.066334718639535994e-02,-2.341875202382299927e-03
-5.536220234413774532e-02,-1.789727380708515392e-02,-2.996135442194739970e-02,9.718698426223963682e-03,-3.545828136502497674e-02,-3.637016704095001607e-02,1.823033148809146201e-02,-1.541908510038081034e-02,7.797520752120640566e-03,-1.944118143719344993e-02
-2.138340648739778249e-02,-1.239971614552765750e-02,-3.721305628898781415e-02,-2.457514169226912484e-03,-4.238805600304778459e-02,-6.546111538442666829e-04,-7.380759462783729715e-04,-7.427588207541399590e-02,-1.118446470324422660e-02,2.676426240520865529e-02
3.851635941177327521e-02,4.180893300838178089e-02,-4.589553595549855647e-02,-1.996982922361915588e-02,-1.164033207797576276e-02,-7.127989946437607478e-03,-4.083521626382490693e-03,-4.577223028155579811e-04,3.057698779721979010e-02,-3.087090467120778142e-02
-3.846719166308339849e-02,-4.721045223763697951e-02,-3.429585876410404244e-02,-5.098173874205682438e-02,-4.201852036274388719e-02,-2.138812093889112462e-02,-5.948926366076501271e-02,-2.074991373125777486e-02,-2.174221045301187941e-02,-2.989026657508709814e-02
-9.443643502594892616e-03,1.541527568676450983e-03,-3.882598272381011795e-02,-3.226967075429101189e-02,-2.241010471302494478e-02,-2.568939416850708063e-02,-2.170421598611075795e-02,-1.854412975064370986e-02,-3.955439758611298956e-02,-9.060542757876178036e-03
-4.192432200790385116e-02,-1.530817711415366489e-02,1.636561790560315047e-02,-3.055930892378919475e-02,-5.469457459978071395e-02,-2.764483543052577430e-02,1.994082427897609592e-03,1.826528185538435489e-02,-1.969582421447902201e-02,-4.043386796145855694e-02
6.947236360681519236e-03,3.147357255080802940e-02,-1.899198980430417960e-02,5.318629885080487785e-02,-3.619144828161336563e-02,1.679997444443264223e-02,-5.048478007856603555e-02,-3.317566446884243764e-02,7.747047995740929775e-03,-1.893737796245230929e-03
-9.977720590418827362e-03,1.125992804893213503e-02,2.410908837287368059e-02,1.059049947526868006e-02,-1.595303292699221456e-02,-5.020488223987577825e-02,7.714428356818338328e-02,2.653371813299468945e-02,-9.558905979539665879e-03,-6.441431078421483436e-02
-1.365918640244372616e-02,-2.949843542074306879e-02,-7.460971928757952759e-03,-2.968939566204248717e-02,1.618184512429708677e-02,-9.422437973227382885e-03,-3.120577035253194187e-02,-4.038299345775375054e-02,-4.981061386625603576e-02,-1.735155943594438033e-02
1.237570993898857823e-02,1.878569681407733782e-02,-3.224894517421809242e-02,6.997203638091348439e-03,4.084304838217658190e-02,2.465597390306768430e-02,1.688444044770768399e-02,-3.380031269347431866e-02,1.767929199310710672e-02,-2.574989220182384922e-02
-2.764462168693654007e-02,-1.936553168620039692e-02,8.032527463591204731e-02,7.889186510652766021e-03,-1.051246834632303846e-02,-2.516637309096552561e-02,4.117394156208802058e-02,6.302718185189752631e-02,-2.877561148515131104e-02,-3.290121120336179927e-02
-3.879009022677524371e-02,8.909207165656751054e-03,1.267292163368416956e-02,-7.186862111721926440e-03,-5.957869773848213125e-03,-3.374627736106151910e-02,1.658106569438978078e-02,-4.830564867020424070e-03,6.745537535509507632e-03,-6.274275376667141652e-04
5.957107172760783137e-02,-1.056023409464410846e-02,3.302708704487851421e-02,1.830812938896277261e-04,5.693150846051329983e-02,1.730209506673396555e-02,4.267322977217832131e-02,-3.031284993369361136e-02,1.914166520187837381e-02,2.146473643517166074e-02
2.060035811101644174e-02,6.157084641715691170e-02,-1.902831074175012280e-02,-1.809271993246729451e-02,-6.539407679822632768e-03,-1.459502591790174872e-02,-5.561279219104149629e-02,-9.219109958867288375e-04,5.300220650282670178e-03,-3.336250830225928610e-02
3.390365435441283770e-02,3.285774089769291639e-02,4.373518002057720511e-02,4.595387182549733746e-02,2.653336334677778782e-02,4.685423915515979365e-02,5.623674010494922326e-02,5.529358393331820082e-02,-7.658872397748099810e-03,3.655602271024320504e-02
-3.726521930114350817e-02,-9.180707089403147836e-03,-6.684289507537338748e-02,-5.774741841722133562e-02,7.781865769139175749e-03,3.568213406856784314e-02,-4.975965648999999130e-02,-3.661537901468860101e-02,-4.175764581438173861e-02,-5.866090822436199892e-02
8.875702401116094403e-03,5.349016347920687586e-02,3.983104627394711689e-02,1.671018644039061474e-02,-4.532275613819356647e-02,-6.899423199379633997e-02,4.104516193225066223e-02,3.457647838172071136e-02,2.017941814962828651e-02,-2.789966812591561027e-02
3.772964599310398709e-02,3.165799495932120761e-02,-1.407483879459925716e-02,3.365911447259962996e-02,2.929543263245362739e-02,4.241390861590309952e-02,2.129288623341167586e-02,-2.409227138817534447e-02,1.015817459702871572e-01,4.455888523397207035e-02
1.937490342738416469e-03,-6.183948808439357347e-02,1.876080249396037698e-03,-4.409788260055843429e-02,2.146627088966582275e-03,-1.250991185621435145e-02,-9.534141176595697584e-03,-1.472460459868108265e-02,-1.735812626098695577e-02,-1.307160566066181348e-02
6.619304527069519439e-02,4.746142747234916026e-02,4.587752827782740073e-02,1.842234153466280541e-02,5.897637867037949962e-03,1.435547552270825637e-02,-3.235902987714483342e-02,4.147143650962161615e-02,5.185277269057746857e-02,1.351849241024190990e-02
3.359217584879859581e-02,1.047645123846745532e-02,-3.285872404290021611e-03,1.534995357292488934e-02,-5.783388062533576825e-03,-1.566260977538265139e-02,1.002193751073959284e-02,-7.076147948005214773e-03,2.405078821242410611e-02,-5.511040047131194816e-03
-2.320910801838694734e-02,1.215244604696272095e-02,1.282856010691900937e-02,4.242049592205926478e-02,6.565073660673340951e-03,-1.659259722286570565e-02,-8.171174645646748320e-04,2.926979595443850862e-02,-4.773701439520205286e-02,3.495008466343017123e-03
1.057923663931142899e-02,1.382843715608603370e-02,3.791806243631998252e-02,1.586727706884811379e-02,-2.231362130217988404e-02,2.589300735169583478e-02,8.143522837013097981e-03,3.782191316657318447e-02,-1.957239612383751548e-02,1.156773961983206464e-02
-5.842284109874328751e-02,-3.768302411216055414e-02,-7.205750547338704223e-03,-1.756715762250576083e-03,-4.284164896671329575e-02,-4.590163871884406221e-02,1.707671490566372782e-02,-3.802886531358183261e-03,3.578487656499209583e-03,-4.271718354474285384e-02
3.233696013461329066e-02,-2.924226664119616848e-02,-4.820353678758795141e-02,-3.774341414370154663e-02,5.487708193002475976e-03,-4.641576473524005458e-02,3.319180675981615175e-02,-9.065081134582361755e-03,-3.457414635949019460e-02,-2.620646922192538392e-02
-6.146886578426300624e-02,-9.674168090271412224e-03,1.219722483013331929e-02,-1.842551279171507350e-02,-5.790829599595751637e-02,2.384116138367859544e-02,1.406567947134315308e-02,2.339364245782887125e-02,1.250733807508263955e-02,-2.352216365156960948e-03
2.794993286252782719e-02,-1.618631846175169059e-02,-5.187424468670435301e-02,-5.957080039588721204e-03,-1.969105453943510893e-03,2.326013234105053958e-03,-4.613065283430580615e-02,-1.657865274114259102e-02,1.433449694310937744e-02,-1.245562402372259181e-03
-7.000916366453137189e-03,2.927922073009982945e-02,3.378264537245596888e-02,8.842210989803773319e-03,2.445959800386295069e-02,6.201694583272508027e-02,1.454732509674125547e-02,5.515020535875729546e-02,-9.180951827501577373e-03,6.145154226667341735e-02
1.000748180117684398e-02,3.052421352863441198e-02,1.041373434158351582e-03,9.821662536230790774e-03,-2.516848592960096997e-02,-2.024581763393329403e-02,6.380578831640212889e-03,-1.701945320198980838e-04,1.288960435396057681e-02,2.684503698141010863e-02
-6.622738202830119429e-03,2.708477013568969319e-02,4.063422477216863810e-02,1.874475104132925993e-02,-2.396953643770885836e-02,-5.272366845177003242e-02,7.133577893589120034e-02,4.716930404989647801e-02,6.427187390470128457e-03,2.747217478943822858e-02
-4.699308898112198457e-02,3.394633759586841715e-02,5.371356807401381737e-03,-1.941967405212231476e-02,-3.069578615111938011e-02,-1.559387887721500575e-02,-3.295142685052475373e-02,-2.172138821428405697e-02,4.245578867681285007e-02,-2.319855141887088024e-02
3.032853355116807773e-02,5.303780656087895423e-02,5.951446166003264947e-03,-1.510833836358044767e-02,1.244640721378422778e-02,9.203117145220375897e-03,4.812764713757837747e-04,3.021576515027254994e-02,3.569804981690345540e-03,3.860264544860119579e-02
-4.391518192451102087e-02,-2.570085446516889860e-02,1.338528498797118133e-02,1.216728795303380871e-02,3.141557201520792098e-02,4.012157000489175590e-02,3.972626877509807808e-02,-6.061317997715384015e-02,-2.333459958924376503e-03,5.432140354190585080e-02
-2.098825457090698968e-02,9.031077128666140444e-03,2.713429470315039185e-02,-2.872830805199014584e-02,-3.686937298150210190e-03,-3.640695678809853595e-03,1.057522409310884988e-02,3.085802319550653636e-02,-1.544933116911388410e-03,-1.130513356235370546e-02
-1.073731222416199511e-02,-6.154242490017094308e-02,3.730973341855645803e-02,-7.486819325304523362e-03,7.211237079269021411e-02,9.161017589928037441e-02,-1.639697016862319903e-02,-4.977200166583251734e-03,-5.388653311159267295e-02,1.204104990960129518e-02
2.880472285833504675e-02,-1.691933451948147288e-02,-2.928110834243605534e-02,-1.988688063448062343e-02,5.031533497467724492e-03,-1.232197015049849020e-02,-4.275264161370570526e-02,-2.420010231837238512e-02,-1.892136817055048784e-02,-4.581272984113627517e-02
-6.478918806191066859e-02,-4.817491606125247350e-02,-3.028940893500225648e-02,1.546456156342543298e-02,-2.722416027814901149e-02,5.933134872489748482e-03,-3.089835911352842995e-02,-4.174961044154634759e-02,-7.894530060759381851e-02,1.681547637881473933e-02
2.123363207727653815e-02,3.736300564124982876e-02,1.189318630639969038e-02,7.634620800560838749e-02,1.156945638550132584e-02,1.101814897929163754e-02,1.487125365724395465e-02,2.666772116527406714e-02,1.746570876526544816e-02,4.733459541993252639e-02
1.483480368660313256e-02,-9.616192697113895224e-03,-2.484663490792987997e-02,-1.309860462386151780e-02,3.627184581706693195e-02,-2.571452845238991758e-03,2.690764092349041611e-02,-7.146729394374721350e-03,2.934500861786959545e-03,1.940267320871587623e-03
1.994910549097354477e-02,-2.647388657978879192e-02,-4.698209801103556127e-02,-8.826362994602821033e-03,-1.228182743365683997e-02,-1.160511616918948920e-02,-2.408176618113670644e-03,-5.375875278734882495e-02,1.566339625055888571e-02,3.234229338542511656e-02
-1.681470726713865313e-02,1.389236574041936845e-02,-4.026520525421204560e-02,-4.112801286381487925e-02,-1.476468056037042289e-03,-1.203119256106449306e-02,-4.101285055722207751e-02,2.731256029542999259e-02,-5.241843770866136051e-03,-3.535158598199245744e-02
2.948240457516854846e-02,-2.205653869788591279e-02,-1.065341135995868417e-02,-5.918114663734864306e-02,4.422560933783602211e-02,6.294269181117299883e-02,2.849997938390605445e-02,-7.029798740597678966e-03,2.436246854237609453e-03,1.112464224167302590e-02
4.329264006790543157e-02,1.432500027785847847e-02,1.674047492681866173e-02,2.075230546419862612e-02,3.486041323243377343e-02,1.956066351593259769e-02,3.151934341660980743e-02,-2.848317980664263546e-02,3.461661202884756122e-02,-1.454589374029203498e-02
4.965182385886555109e-05,-4.394804581251558068e-02,-1.493008819977738669e-02,4.189989736418443106e-02,-5.203548559726144107e-02,1.431995876860284178e-02,1.907548604935509207e-02,8.924687229995377502e-03,-3.154896878201018939e-02,1.677162346774042218e-02
3.046129100527749517e-02,5.295304857529147674e-02,3.404798238642119113e-02,2.594924578437091817e-02,1.068409715462542882e-02,-1.568302074558003412e-02,3.269023763784566217e-02,2.874950240575523813e-02,4.774667877432572233e-02,2.016949907604141667e-02
-6.916342650632278759e-03,-2.915142208145465614e-03,6.891124165454647066e-02,-4.103943241025988925e-02,-5.453063871017221897e-02,-2.277102014413415372e-03,3.924382128946560938e-02,3.923326158972632177e-02,-1.296948786809562319e-02,-2.682641332108699761e-02
-2.139103075979153015e-02,-6.928045793040997317e-03,-1.257632850048906459e-02,-2.844842116834421161e-02,-2.439119942134638022e-02,-2.806094270935207899e-02,-1.472964312800957576e-02,-1.911182772807671487e-02,-5.578776149443721421e-04,-5.756525756529358440e-02
1.197229392482713865e-02,5.786304170931388241e-02,8.849105746672118744e-02,4.093316541415246979e-02,4.072250767266010624e-02,5.132944953485311240e-02,6.632300123167635120e-02,6.527454132313584290e-02,2.196728282356783142e-03,5.663003664064489989e-02
-1.091745166324880473e-02,-2.425210349774005111e-02,5.273706244636825954e-03,3.820107367902544904e-02,-2.391732634343413100e-02,-8.469787694833818409e-03,6.648654722125016403e-03,2.802933060651538119e-02,7.295623975819225983e-03,-3.367861463357257716e-03
7.379232631808536891e-02,4.270885239787518273e-02,9.333465938159797234e-03,7.150897104383192003e-03,7.196093957968455190e-02,-5.671393566007969060e-03,4.932184451441277984e-02,-4.212378104690054173e-04,4.045894420178659801e-02,-3.141381047921187886e-02
-2.897775623528073274e-02,-2.824875160261549820e-02,1.052600839595680127e-01,1.022577476179873934e-01,-2.096427155900289566e-02,4.734355692513412400e-02,-4.845391421325299409e-03,1.738238806889407656e-02,-2.857951773088713079e-02,3.724980782964509851e-02
2.397767154872996326e-02,-9.735507111813278269e-03,-2.899330897068178731e-02,4.952208982145613059e-02,8.607303080658773586e-02,7.956499654570807489e-02,-4.651677544277861565e-02,-3.812511241349942487e-02,2.326897297675575849e-02,1.165174207576396420e-02
5.694512724287838917e-02,-7.208027548409676709e-03,-1.705315933621710453e-02,7.162069576492070301e-03,4.953911414744644956e-03,7.467934298784755474e-03,-1.250672588526321842e-03,-3.246798687910620179e-02,5.498524374568463345e-03,8.913299723336660929e-03
-3.033376722579940801e-02,1.178145781687812803e-02,3.600827674592259678e-03,-2.724061637210405812e-02,-1.066510429699696512e-02,-3.244863733775001091e-02,2.193821699243371504e-02,1.497637649703193428e-02,-2.968578891618875795e-02,1.296299609810717263e-02
9.926237098041483867e-03,-2.993939241288494021e-02,-1.621605679361266816e-02,3.722526716794317264e-02,2.479973093571518489e-02,-1.041162226194430364e-03,-5.722789838255424449e-02,-1.902920432052312982e-02,-6.219906056227908486e-03,-1.705361345188518771e-02
3.635399305567862255e-02,-2.178173534066588958e-03,-2.891983458314198755e-04,2.403789173350097744e-02,2.375377236442065547e-04,-1.354392356773297806e-02,-1.714013657300880950e-04,-7.051047949140670963e-03,2.152991705770279998e-02,-4.832234326611064418e-02
4.035817843344245009e-02,6.417711859693442378e-02,3.355890209866319723e-02,2.545043396507639180e-02,2.223610604667476329e-02,3.875108431491144229e-02,4.464747423592752007e-02,6.351626004946311910e-02,9.866666340388371981e-02,2.227594661399044662e-02
1.328039929435416260e-02,-2.725243668403281791e-02,2.073794687089056815e-02,2.642869050268437472e-04,-3.444802119736187218e-02,9.496780877908108862e-03,6.010238804796722012e-02,-1.940973242060014745e-02,-2.170517312031870066e-02,-1.918621960653728569e-03
3.811810348608225731e-03,-8.259570999331822955e-03,-4.009262636381923095e-02,5.721248717847304127e-02,1.525289490945748276e-02,-1.577472522386226842e-03,6.667620438477642186e-02,-6.139888492456230251e-02,-1.271196669317373705e-02,3.171072924172532032e-02
1.619868627786117884e-02,-1.607054169287468063e-03,4.674553532137823084e-03,-3.142455501035124055e-02,-1.672131455248159967e-02,-2.879921591635748596e-02,4.701105390875148088e-02,-6.587441914855087823e-03,1.487053325601743643e-02,-7.912169662546590654e-02
1.122810611083177243e-02,-2.467225020000874888e-02,-1.436018868634855380e-02,2.590733456196614437e-02,3.033961900128339523e-02,-9.456864063983001778e-03,-2.243793446810626868e-02,-1.929031628953425948e-02,-2.038919439596791755e-02,-6.943073643520108855e-03
-3.589834580906631038e-03,5.952856241053797876e-02,6.441864060305317607e-02,-4.556769201164030322e-03,3.244434663644166911e-02,1.153929756574177679e-02,2.517108484988796885e-02,3.980589508532935555e-02,3.697658984715512798e-02,-2.691436403621481205e-02
6.356197673887882191e-03,2.950735993712670993e-02,2.929105041300818571e-02,-1.601996142811865087e-02,-1.907826126434304312e-02,1.816898484863236751e-03,5.116744284740691595e-02,2.888316280527892382e-02,-1.571838891737440715e-03,1.022091004999567745e-02
-1.123811438270617274e-01,3.315332220353680876e-03,2.758393451723408982e-02,3.746247805086128091e-02,-3.979538708421791887e-02,-8.254985955161579445e-03,3.352980022143992739e-02,-1.188512887218322669e-02,1.133959392039305021e-03,2.804420394753548082e-02
2.418833285827884372e-02,-2.200454131084422435e-02,3.129866002893094690e-02,3.281410409796671479e-02,1.014388082225062791e-02,-2.932325797660522652e-03,1.254300793655761283e-02,-1.443125324883892668e-02,1.560551965772052040e-02,-3.012541391584280283e-03
-5.597318630484827973e-02,-5.399965865353852437e-03,3.650736812850247787e-02,2.013219209959850320e-02,-2.906428020217036515e-02,8.924885368277849645e-03,6.215358172079668043e-03,3.886041472678416347e-02,-3.188480136234796147e-02,2.711198223884053737e-02
1.720175878920357851e-02,9.950078024337241644e-03,2.773892697479457548e-02,-3.687330421550980702e-02,8.440533438895317722e-03,-3.529961675832466589e-02,-2.002430562620017077e-02,-1.024859406263791198e-02,2.823746367913624461e-02,-3.314529865623735971e-02
2.308473768660554426e-02,2.047741089830703437e-02,2.035531063689490633e-02,-7.902108759397187196e-03,8.728731682241236411e-02,6.978027160645629279e-02,-1.020206667163010318e-02,5.650830184011704921e-02,-2.235683834650288582e-03,8.639381755977557087e-02
5.234037043865336775e-02,3.156323008287794524e-02,-7.359527772166986337e-02,4.935984082365020217e-03,2.776221607676986752e-02,-4.436750014944916554e-03,-4.202897537860098703e-02,-7.762951875860658879e-03,5.196098635016890843e-02,-7.649276306833814425e-03
6.464080411474378528e-03,-4.503264836066147941e-04,2.280440251820963285e-02,-8.104139389137107741e-03,-2.084784482761640675e-02,2.964298180997448559e-02,1.802509102783380127e-02,1.808284557516525587e-02,2.188186113490735510e-02,-6.603924582076070235e-03
-3.453675571982471604e-02,3.121193680239640195e-02,1.036934816947672824e-02,-7.827938832851571993e-02,1.148162553795100370e-02,-1.203075707261673337e-02,-1.979744473558869063e-03,3.542879929553609253e-02,1.173846767935177995e-03,-3.986146569806650608e-02
3.672850249655340571e-02,4.706274645584472560e-02,-5.306023568327273426e-02,4.538321797751344172e-02,2.499257610336420160e-02,2.454903111070392760e-02,-5.215877176488449563e-02,1.393104136989962993e-02,5.872039057969186127e-02,3.119747020576616944e-02
-3.316564234610681200e-02,-4.133898383525623499e-02,2.259941261298644300e-03,2.561096364817655457e-02,-5.859167110080376606e-02,-1.017074930177678388e-01,3.817344814446163147e-03,8.048193407220950030e-03,-2.446558080573821639e-02,-1.302963767410800222e-02
5.998992086117902606e-03,5.658332004411863875e-02,-3.522084199577359392e-03,2.013910379085595212e-02,-2.172671444296428098e-02,-3.637376966799204386e-03,-1.706816475937798089e-02,4.275924355919888398e-02,2.131019426275588755e-02,3.291777749287577715e-02
2.552718804154615554e-03,2.451504503226125016e-03,6.061144747110766562e-03,-1.499345818816602387e-02,3.113979705688727645e-02,-2.703040998899215036e-02,-2.566085813098099508e-02,7.984987522963858664e-03,6.304041553130264319e-02,1.836882285207639548e-02
-3.006933385152179422e-02,-4.099298673378091312e-02,3.825547292381891156e-03,-1.260806323750449966e-02,3.630706261014977898e-02,2.423118286293227119e-02,5.121116194363744406e-02,4.751735725050772879e-03,-3.971593082634963801e-02,-3.175850819488988674e-02
-4.556391598101387774e-02,-1.628061844272292447e-02,9.066088199916768828e-03,1.053381803678196844e-02,1.201991116564287906e-02,1.113158281324755534e-02,2.327233905430017499e-02,1.689809703575373759e-02,-2.574053576316099462e-02,8.083368577098799801e-03
-4.484542461651591649e-02,-3.846284608556136547e-02,5.508725390755945389e-02,1.038427323551603491e-02,-4.124077841854239396e-02,-3.089551965716336168e-02,-1.696577379861211737e-02,-6.389333768930244642e-03,-5.481329685377991229e-02,-1.110703836511958654e-03
-6.124661245851948516e-02,-7.773401247555423305e-03,-2.046929272234766437e-02,-8.805343608708028624e-03,-8.663320662312286313e-02,-1.873541676911001305e-02,-4.041720699849921800e-02,-8.906913189056436114e-03,-2.012759864627479411e-02,-2.425843299857462568e-02
-2.282186521895781389e-02,-1.167673432968628112e-03,-1.504936350736379991e-02,3.875941927077459440e-03,1.582348875591337370e-02,9.442694010858201231e-03,-5.638136989175850794e-03,-6.840611772056609530e-03,1.507901888195860123e-02,-4.040230990488727185e-03
1.033538523163828960e-03,-7.414645701272681855e-02,2.312371391549431637e-02,-1.238132229416929976e-03,4.296905306796777735e-02,5.328617817976236820e-02,4.735696196856691714e-03,-2.495426381215645403e-02,-5.944522140367763247e-02,1.198166492155766996e-02
-5.588883852501352195e-02,2.573037063123806336e-03,-1.963614659641712765e-02,-3.597681510938458699e-02,-3.688672620424968823e-02,-2.417079507974703376e-02,-3.187398823824500512e-03,-5.352966285573395461e-03,3.734345744655809696e-03,-2.870456293963291258e-02
6.610979914860723103e-03,3.211840659390852171e-02,3.711525488959459534e-03,2.442614707349206188e-02,1.970911351027484354e-02,8.875648879440367622e-03,-2.578298462065716640e-02,-3.849097798347506094e-02,1.713239560369556394e-02,-4.179480359960510705e-02
-2.217317346259853675e-02,-5.442356158558449980e-03,-2.923824965894764039e-02,-2.559090989848518058e-02,-9.057559825261664310e-03,5.156874618616353462e-02,1.858324060141509221e-02,3.665715571342995430e-03,-3.396312567185463122e-02,2.277730964292272106e-02
2.795631460586017400e-02,3.021195168707706963e-02,1.389513402260934317e-02,-4.673143273205091625e-02,-7.737877094145176674e-03,1.897124802072374522e-02,1.309124450632243378e-02,-3.347307806422373383e-02,1.494627721252421611e-02,-5.029446980511288051e-02
-9.288387032172780444e-03,-2.434008444518182337e-02,3.431549923236026922e-02,-3.426117608683325755e-03,-3.372692199068732686e-04,2.258414576765501239e-02,4.398144629949604645e-02,-6.032746362780303483e-03,-2.448853800972587355e-02,2.066332881699129223e-02
4.472783468597871931e-02,2.507635697055704202e-02,3.315172046379719767e-02,-8.287215679811331046e-03,2.188314621282666864e-02,-4.738826273903116136e-03,-1.413662684785973794e-03,6.788500528009203117e-02,3.307247783272419805e-02,3.323981118603214213e-02
-2.476605680528057990e-02,-3.562827266589488513e-03,-3.174540751395107246e-02,3.281972741242300366e-03,-3.812616925618727420e-02,-2.266678876852905311e-02,-2.576160199921818938e-02,-3.606522091719349676e-02,-1.591902675821295007e-02,1.396927114200281067e-02
-6.082626759046675172e-03,2.438835131147850527e-02,7.042015455849964800e-02,-2.461303809805102591e-02,-5.721019044500904628e-03,-2.217440324367470419e-02,7.150955151061023918e-02,1.974246078115343347e-02,-4.522675972644362927e-03,-1.679320341626104607e-02
-2.422591876244560918e-02,-1.110458175367306718e-02,2.776461883784438547e-02,9.611788150667275113e-03,-4.463959264275717265e-02,4.009407737118656466e-03,-2.410929155936249180e-02,1.418194208260937887e-02,-2.165564204546400681e-02,-2.806069004078211651e-02
-4.634495279298671278e-02,-2.254504003520982347e-02,-3.477541930134436104e-02,3.119992022265317445e-03,-2.001530054565983305e-02,-2.399114776451558365e-02,-2.335263248531382896e-02,-3.253529000855276410e-02,-3.886290579605852086e-02,5.980368636703907274e-03
2.773901922347650137e-02,-1.985945423243331079e-02,-2.910812900463432152e-03,-2.852704921704678469e-03,2.098307894284086664e-02,1.628685690462673696e-02,-2.420160020577437690e-02,-2.051762538583302292e-02,2.743198508675609437e-02,1.167187593565821406e-02
-6.568693604737635416e-03,-1.647093990521483753e-02,1.146897625378665107e-03,6.590971127741273444e-03,-2.779338580191728289e-02,-3.144938647553092992e-02,2.525823326769545407e-02,-2.218802762060838665e-02,8.262343613739850726e-03,-1.425082489006942836e-02
3.167660407253360816e-02,-5.568861199150724160e-03,-1.738629048902613425e-02,5.367277475129946830e-03,2.975353937757708664e-02,-8.292535736222092155e-03,-2.458037167238033213e-02,-8.915956299943442534e-03,8.932812383489753885e-03,-2.126957994132622209e-02
-2.226836211969913937e-02,-1.349722328430981964e-02,4.344744731817867800e-02,2.362784257371346609e-03,-3.218721263783715786e-02,-1.342153270908471013e-03,3.408147254515581787e-02,-1.573193226815075042e-03,3.618538376036788216e-03,7.818087994674784852e-04
2.210061764018209085e-02,8.536024364776354650e-03,-2.270247832019482714e-02,-1.594673218490644598e-02,6.768214183180625010e-02,1.642169173061540366e-02,-1.399436903393103462e-02,-3.474571458465598034e-02,3.681642442938253684e-02,-3.004226462358681321e-03
1.094325989287933849e-02,-1.933724232724211289e-02,6.348254690555060753e-02,-4.210848155357494772e-03,-4.775959678210430631e-02,-3.058095841047108084e-03,6.566046309559545047e-02,-1.772036063129015654e-02,1.966089637561318267e-03,-1.707137058211061209e-02
5.365109520829594580e-03,7.781380737532562868e-03,-1.213826142229907333e-02,-2.268672568460877725e-02,-1.266065750434407916e-02,3.410510901988252075e-02,-3.727160651388301826e-02,-2.061824549563665357e-02,1.303028133299228598e-02,-1.425837027877978336e-02
9.847452296680263284e-03,-3.746760189328257520e-03,-3.783459040682076585e-02,-3.165452303169724591e-03,-8.273661782834854095e-03,6.877953983836098545e-03,-5.094588668554416583e-02,5.279535262925970189e-03,2.803001554872783241e-02,2.481286162311592634e-03
-2.138688106912730452e-02,2.045483985411982245e-02,1.929717474767020727e-02,-8.541713932094366357e-03,-2.730359335384530822e-02,-1.809897734344698529e-03,-1.696164637144106794e-03,3.175989204386833742e-02,3.133372975558833262e-02,-1.100332496038388189e-02
-2.881208067468573816e-02,-7.062351774545429228e-02,-2.089427746163482341e-02,4.165059031604631708e-03,-1.386226506939025604e-02,-1.541503991104207355e-02,-2.786496786511954635e-02,4.113256026970181500e-02,-7.897601322816283353e-02,-1.776803989190568409e-02
1.364235508295506306e-02,5.305499707937032239e-02,4.029686287486641122e-02,-8.555498006739184480e-02,-2.166203792509353854e-02,-8.077290870875371287e-02,3.497905315834086426e-02,3.742116287141598191e-02,4.250221242772697118e-03,-6.625193414235883149e-02
-3.077661447564451411e-02,2.517269879722631044e-03,-2.845647620589049961e-03,2.248965301849312551e-02,2.825502195337638127e-03,1.771515910181687900e-02,5.220932938896767628e-02,-1.143252678220479587e-02,-4.419744623639867281e-02,-5.776296910171146992e-03
-2.073412321048805074e-02,1.581547225510778441e-03,2.492571836199636293e-02,-4.208312689931321265e-02,8.998781059805633503e-03,-8.613969845391344568e-03,-8.224069012302241341e-03,-1.761581585634741307e-02,7.113273004895690442e-03,-1.737011690284197274e-02
1.819469028621368070e-02,-1.688102490629333000e-02,-1.315553352604895143e-02,3.851143923109460413e-03,-3.396802895353415175e-02,-8.630505219358521052e-02,2.416889675456839089e-03,2.116804935513194597e-03,-2.663356638467254817e-02,-2.902367986990395457e-02
3.307428268014554057e-02,3.163519013290189835e-02,4.216075254344991974e-02,3.110173085516226496e-02,-1.089234331411731080e-02,1.609258830334336574e-02,4.395123211191333257e-02,3.334197304474938867e-02,-5.264202170908092310e-02,-1.943010565654998065e-02
3.617427673904273500e-02,3.359109704359280330e-02,1.617957072998462212e-02,3.252645664158667488e-02,1.425841060042659127e-02,5.174319239051543458e-03,-1.635983802873120299e-02,1.970037902468565333e-02,-2.646886187885353313e-03,4.477587056057400622e-02
6.287268334870477204e-02,-3.239978746178359681e-02,-7.444863586915378972e-02,6.140076983823702581e-03,5.797409065595666294e-02,2.281508294560359931e-02,-4.186371593087386683e-02,-2.083461064256127756e-03,5.668811066314467795e-02,7.415250845848497807e-02
1.740596309452915880e-02,-5.503336166225879234e-02,1.002314875930618472e-02,-6.767197963257074768e-03,-2.391017065089414903e-02,-5.854386357458937068e-02,-5.175092405722867689e-02,-2.663290676944263247e-02,-3.981137937114545555e-02,-2.912000627584622817e-02
6.816117404231671582e-03,1.615017855269727798e-02,1.936367835831934517e-02,-2.667567333131825452e-02,-3.385218333835181281e-02,-3.522092677385403603e-02,1.550866891067571515e-02,2.452734345879391611e-02,1.067183232281121094e-02,-2.859883691515083259e-02
6.041267806104894111e-02,3.872766046978326493e-02,-3.484323170679522186e-02,-4.180741214347610812e-02,3.812035976624660039e-02,6.394353925975090197e-03,3.103170206624392656e-03,5.588347195963696244e-03,6.349610690559608084e-02,-4.099907097984589743e-02
-3.573452437391618983e-03,-2.659972995976642857e-02,4.699481709731217084e-04,-1.260200431125620309e-02,-4.596825685315089616e-02,-3.194672717921363814e-02,-1.804054659596101770e-02,2.441310100018041426e-02,1.482395709206887555e-02,-5.179847549231820364e-02
-1.337271092122240164e-02,-3.421790911228560911e-02,1.745519132668484769e-02,5.813452842588414521e-02,4.791536626634180195e-03,5.158015919925282300e-02,-7.770998730411449520e-03,2.179585041172919443e-02,-2.430439194724515889e-02,3.723348440588991615e-02
-3.055061280065381017e-03,-6.710292545224019745e-02,-3.737470325390375436e-02,-5.843644585443984879e-02,-4.363724969166563744e-02,-1.756510146292532271e-02,-2.282314827221516677e-03,-7.328661647518019961e-02,-3.121595417457668359e-02,-1.624253646200655640e-02
-4.782000573750632560e-02,-8.131351102035595801e-02,3.288200285166710795e-03,2.212500712416323040e-02,-2.154997695518097792e-02,-1.984958540874901499e-03,1.739040493853340891e-02,-1.683332953073771177e-02,-3.404667106684858974e-02,-3.061112108233087631e-02
3.529633899625077981e-02,-6.824050709250258258e-03,5.087880533267439892e-04,5.822113147226785912e-02,4.155798661528676413e-02,1.733936784251484398e-02,3.962881351142188979e-02,2.884823622165761173e-02,6.618181615261348703e-03,2.060645228415388525e-02
3.464971676885385959e-02,-7.054822764798611423e-02,-4.957590417705030894e-02,-1.192443670843439107e-02,6.244382688405583637e-02,4.501733130562307335e-04,-8.356971404661907646e-03,-8.519512449793112396e-02,2.135187833915250938e-02,-4.324369693189698827e-02
-3.630779929716233465e-03,3.368750899496532336e-02,3.518852373940577899e-02,-3.415036457088317656e-02,2.956269001582145090e-02,-2.741885715155393567e-03,5.311219192674235950e-02,1.707282735257907927e-02,1.513658420744102076e-02,-3.496722189131252351e-02
2.713061415811377983e-02,2.381277261745065599e-02,4.287713728156653664e-02,3.805106793569644485e-02,2.138040531225750274e-02,5.815952220988420372e-03,-1.275698015103493392e-02,3.304059092228827516e-02,7.900681657071731770e-03,2.397330041481351981e-02
2.287917707639354481e-02,1.897552495491368341e-02,3.336687008860846765e-02,1.591288454062881122e-02,1.724758433383706199e-02,1.477911439865842516e-02,3.445051794348683027e-02,3.455908169910002631e-02,1.210967486354077791e-02,3.301143406635655836e-02
-3.424517080273466879e-02,1.998893352454954233e-04,-3.212362537424294506e-02,-1.602220601066853614e-02,-4.094505689824010780e-02,-4.345458621692609158e-02,-1.739178225239200806e-02,9.189438293829864379e-03,-3.008512920718870039e-04,-4.635941507358057323e-02
3.295204549318422188e-02,4.385315356488549143e-02,5.037608502057799864e-02,-6.506180942424603063e-03,3.914988550565742798e-02,1.640462874292609660e-02,4.024593126380997254e-02,5.887491177544453003e-02,4.521532323424306415e-02,-6.214773112449362147e-03
4.765866196935090310e-02,2.393402505392955987e-02,-4.424974234565659525e-02,-3.415562951520689783e-02,1.937064165501283658e-02,2.342473008931269043e-02,-1.784589257584677860e-02,-4.558740549211502159e-03,3.701435760271733037e-03,1.855174516252132075e-02
4.680683894266934528e-03,1.494245843135899587e-02,2.312019059469461700e-03,4.016190597154643827e-02,1.480960219600328288e-02,7.503829356003724471e-02,-7.523941181059205091e-03,5.323262487659530251e-02,1.127082028034654369e-02,5.743526491291445213e-02
-2.216217742710236555e-02,2.695129983276525407e-02,4.030489269451080492e-02,-2.957170124669847647e-02,-7.791132422086875960e-03,-6.376735263856356598e-03,3.078824993890168379e-04,4.737790004638502833e-02,1.266803437878459039e-02,-4.618427716888506146e-02
-1.133955799662806838e-02,8.378325070633539651e-03,3.197874708060627347e-02,3.806018491869184173e-02,3.942090577876661284e-02,2.693940090053239048e-02,1.870472164691739866e-02,1.477934538519562468e-02,1.303110375245825937e-02,3.260599456896571408e-02
-8.252578380851893422e-03,-4.046171069047546642e-03,-3.112387423834623787e-02,3.293887977956429063e-03,-1.171023861749045762e-02,1.832522551680484946e-02,-9.611283295997358547e-03,-4.138053050326375576e-02,-2.101302794465384483e-02,-9.737800206405522463e-03
-6.242939156779707573e-03,4.025705070445918105e-02,1.635641238314005513e-02,-2.334327876754970985e-02,-1.598731126128235397e-02,-4.450852292468041038e-03,-1.174088174538914092e-02,8.610272246782021965e-02,9.353312467794369992e-03,1.339441312486570543e-02
-3.160389188994527920e-02,-4.393386677511700728e-02,-3.382402468426179420e-02,1.013513867649946595e-02,-6.829687165148986584e-03,-1.665396202143383281e-05,-1.395982508423722693e-02,-1.274658920146910616e-02,-1.255527344738705496e-02,2.152843960372060814e-02
-4.389950727780177913e-04,2.715881234455717885e-02,-1.555428876922062501e-04,-1.926220727819061632e-02,3.016595849981913019e-02,-4.013848974133885084e-02,3.746019278912825212e-02,4.280556048910679617e-02,-4.596944265246215300e-02,-3.773193185484280399e-02
-2.238770235038709585e-03,-5.084780822233271602e-03,3.558685201027022085e-03,5.884431905183422004e-03,-3.713494582326756083e-02,-3.671303135603472961e-02,-2.506297853830815464e-02,1.941524253231363337e-02,3.331379531767229840e-02,-3.850002163085962381e-02
-1.394733660597095685e-02,-1.469553714928346520e-03,-1.762873362635821242e-02,-2.542899431885880385e-02,2.502119236772817890e-02,3.168684072530367907e-02,-5.454144242596640352e-02,-3.175237628497133008e-02,-2.475985856490868151e-02,7.198553017697788270e-02
-1.938944258895794817e-02,5.722731494638941957e-02,4.057532118818819172e-02,-1.210816671011944942e-02,-1.186256712400020818e-03,-5.227010698444833903e-03,1.410429441307728231e-02,6.983946628826649683e-02,3.679259591466651352e-02,-1.334366116790092899e-02
-9.448932634575125250e-03,1.842927487221973637e-02,7.000205037682277753e-02,5.818849216708726901e-02,4.982120545026256370e-03,-1.437141358193246531e-02,-2.978773389586678727e-02,3.454521317618307330e-02,-4.097010753123926652e-02,2.421108182229317687e-02
-5.268097930621781777e-02,-1.743862749338553897e-02,8.428351453744244159e-03,-5.011731908940583735e-02,-3.999872416326287483e-02,-6.649990504552213966e-02,-7.852540606022731517e-02,2.143619882362348197e-02,-3.790677294463171837e-02,-5.780503107613852581e-02
-1.882887925420776223e-02,2.062702098263802068e-03,2.305923420826200276e-02,-1.961588185292697205e-03,-6.857261598470924813e-02,-3.354981973494169240e-02,7.181825186460597150e-03,5.095834025253689892e-02,5.369626990584997449e-03,-1.203777709498669336e-02
-2.965965330974323216e-02,2.726569362440670052e-02,-1.064141399304149686e-02,1.269252122418432389e-02,2.100280003448070851e-02,-4.652489373862811473e-03,-9.251965254419262930e-02,2.138972407873099973e-02,5.777522197287220107e-02,5.766521752672007506e-02
-8.897193408853011631e-03,-2.894550414163422902e-02,4.218525845699684640e-02,-3.658026496902010843e-02,-1.478037687780334349e-02,-4.538043573061636277e-02,1.629973601714329026e-03,-1.889285904420865900e-02,-1.537182605452470929e-02,-3.374888279472332969e-02
9.794776494285843422e-04,2.913248837191974305e-02,3.325148475354598732e-02,-4.910507104793412209e-02,2.596088816962125595e-02,-2.647555739205903827e-02,-9.082113191634088104e-03,3.488776323758203263e-02,2.898018675132385882e-02,-3.011873642146413108e-02
-4.358503937586759650e-03,-1.824155950159145681e-02,2.247920406796566524e-03,-4.684744291441945291e-02,-3.258059051125819505e-02,-5.842091720519865250e-02,3.710900531306787764e-02,1.131941006221448727e-03,3.507191620581772556e-02,-3.490385701208977703e-02
-4.725662108042914290e-03,1.633101570900550789e-02,-3.589573816254779028e-03,3.208361229278197668e-02,-1.369311229052615556e-02,3.302971881031326051e-02,3.649205429551342222e-02,-2.047693591373101960e-02,3.324912982811541878e-02,4.247487925928410818e-02
2.934595969818240557e-02,1.067906255134837626e-02,2.921168981988366692e-02,-4.713185825438980653e-02,3.017888900882668979e-02,4.556750109923667427e-03,2.298374179848215043e-02,-1.571218979553570469e-02,4.283447258594309803e-02,-4.828303895737850147e-03
-4.989862487298420135e-02,-1.813454994856335267e-02,2.241156547353384890e-02,-7.270424213875575394e-03,-1.109209993268735726e-02,-6.164602182728053104e-02,-7.106576249350214820e-03,1.958747021989354613e-03,-6.262186541568783016e-02,-2.050758264272595569e-02
6.886498772627587528e-02,5.814268819515287096e-02,-9.986502611734166326e-03,3.468863375257598414e-02,3.754783474792447451e-02,1.634824176093461687e-02,-3.787989623995085490e-03,5.688658981845272355e-02,4.176729776748296097e-02,4.337221784303416094e-02
8.092907243025715749e-03,-1.152052726024792306e-02,-5.259345854333369145e-03,-3.533076511791893859e-02,-3.798465564566196745e-02,-2.725002481476487132e-02,-6.186488335939884821e-03,-4.663455292349250221e-03,3.749828164432801331e-03,-3.520013947294344664e-02
-1.822884178258832311e-02,-4.806544791065914951e-02,-3.466360358275500514e-02,-2.341989942194155645e-03,4.365968873084900836e-02,3.586523020173038728e-02,-5.121090652725462933e-02,-2.893796037980911687e-02,-6.398170656017052038e-02,1.994821221581145193e-02
2.546070706987526092e-02,-3.690818149315053948e-02,-1.088197134156967602e-02,-3.732888203259841775e-02,1.794470028150437282e-02,1.121590822850998537e-02,-1.612507104894756946e-02,-2.994194235000764009e-03,-7.506084282830679556e-03,-4.453751595211786693e-03
2.376549426172212820e-02,-1.818946918398615942e-02,-1.020972606553366240e-02,6.064738689173081523e-03,-2.543636207431800023e-02,2.100950767141755021e-02,-6.470187250082500008e-02,-3.277434680254368016e-02,-2.231968481245236516e-02,7.324058745437074525e-02
2.504829334731998106e-02,-2.930739437890624369e-02,9.072103911228673878e-03,-6.725930073967788247e-02,-7.645067510725520217e-03,-1.715395579656918412e-02,-6.585997312910045476e-02,-8.535510244607358299e-03,3.639247254002368065e-02,-3.287031995767664139e-02
-2.192530324175111581e-02,-1.686028695293155738e-03,-2.883186934283740385e-02,-1.183735462051049500e-02,1.866762556759624450e-02,-2.000665446519666810e-02,1.488425508331517669e-02,1.622667569397288553e-02,1.988877498759794929e-02,-6.820500199291808230e-02
-1.494456513995296235e-02,2.726187749961356960e-02,4.917322045817340559e-02,1.195285877501735261e-02,-5.781468461517318830e-02,1.016606632605696753e-02,2.071135845804178074e-02,3.948816313386376009e-02,-2.430197507201473095e-02,1.696380985082973636e-02
-3.516200286146883847e-02,-2.651977493467318897e-02,-1.982179583480295562e-02,-3.285028369015737665e-02,-2.036014822634378205e-02,9.503414101155453764e-03,-6.877550823721618328e-03,-1.823673851743064234e-02,-2.365822810101701063e-02,2.192140518102198704e-03
-3.231023420190731049e-02,-1.479935908546205908e-02,2.614633320421771989e-02,-2.033018593297269971e-02,-3.907978665935133572e-02,-5.072669865059682009e-02,3.162108075313062316e-02,-2.478235750812036661e-02,2.909182557115716494e-02,-1.142522544860091749e-02
4.705558439353021982e-02,-6.278252694475164319e-02,-1.761741857212052254e-03,2.214864884940844630e-02,8.295434464770191918e-02,3.829527256536344876e-02,1.570398077317624718e-03,-3.271569657488129085e-02,1.049007290490087951e-02,8.434488498260802811e-03
1.755611114739339881e-02,6.402861205757930801e-03,-2.371193171937168928e-02,-1.390610102400498607e-02,7.478886821559498077e-03,-3.468664972525363835e-03,-3.499313663141117095e-03,-4.764958276930354036e-02,4.429991253192021305e-02,4.303901251304326214e-02
-8.442483495798920601e-02,-1.712649921351691584e-02,-1.516445711860256625e-02,2.555063287357367541e-02,-4.526906778660162722e-02,3.677905900624481306e-02,-1.604904901709881468e-02,5.872783399127060738e-03,-5.578937655689360231e-02,5.151754607909332651e-02
2.504963375744262769e-02,-1.836487577279056690e-02,1.427837766048275538e-02,2.275598775212999206e-02,-3.201409079312992918e-03,-1.491299170542285425e-02,-4.506495319668624849e-02,-1.595020907407977912e-03,-4.522208678403214638e-02,-1.248978182514142235e-02
-1.768659814462089294e-02,2.094188646961887487e-02,-3.445697247389351708e-02,-2.395771816756872563e-02,-4.704074042578237219e-02,4.237041539034845823e-03,4.080012478207471066e-03,-2.262651284392953877e-02,-5.922205787672094913e-03,2.115194118119938238e-02
-5.390136756717085059e-02,-5.778400106171930131e-03,2.418894368267997252e-02,2.892620505171497949e-02,-4.333783852156524938e-03,7.516333683710063433e-03,-2.597145095275382731e-02,9.685494093580651262e-03,-2.160719238748853160e-02,3.080408497070328058e-02
3.927945044695889398e-02,-2.757171038627637474e-02,-1.492968746813741823e-02,-1.733583297087050445e-02,1.565997558576185181e-02,1.367756839633795483e-02,-5.023183887192505387e-02,-1.983435939036894136e-02,1.409362469965945094e-02,-7.026809312848872335e-02
5.780909805108432054e-02,-4.497454519121084349e-02,-5.794235423989070599e-02,3.710553251613122466e-02,4.621574614480283144e-02,2.280707478545793837e-02,-8.082949213954866707e-02,-5.933235017188340232e-02,3.085906231634806887e-02,7.916660091635891643e-05
5.171166357795422414e-02,-2.544967759583026054e-02,-2.326662787062142371e-02,3.579727591809730991e-02,7.017276376924540260e-02,1.211466760955199999e-02,-3.723792888586382327e-02,-1.626142113925733643e-02,2.090025806862489538e-02,5.792326018001554139e-02
1.165150489432932764e-02,2.232028550162547600e-02,2.042456268605763112e-02,7.196265760178330306e-02,-2.852754637921590432e-03,4.381296410018672982e-02,-1.744463087063638160e-02,-2.004156708216107974e-02,3.648792248244172448e-02,1.997242871228841962e-02
-1.992614540474907641e-03,9.045762149456133827e-02,5.032627224388568077e-02,-7.032275115992059344e-02,-3.106197412796717766e-02,-2.167976127256211749e-02,1.567332514846918323e-02,6.346924550178756341e-02,4.721982935748091081e-02,-3.281225495647870777e-02
3.092508477452331553e-02,-4.586378727765246660e-02,-5.286550632505011837e-02,-1.013983921495555975e-02,2.649258575401091872e-02,-2.895552175060513850e-02,-3.018249799423584206e-02,-5.573931526528401459e-02,-5.252558323035916646e-03,-3.861529445709595276e-02
5.373373405328753238e-02,2.962495735556526510e-02,-2.126013692557893534e-02,-7.413866374054565826e-03,2.959267277499838186e-02,-2.251439039665446493e-02,8.248109627615251432e-03,9.054104852762499822e-03,4.689142489423521465e-02,-8.853856655449755461e-03
6.084542235706658260e-03,3.694149094669128136e-02,-2.148536198628980386e-03,1.814640028894478826e-02,-1.094067081692680528e-02,-1.517485875480870106e-02,6.175017706162123227e-02,-4.890593529701346524e-03,1.811538899272005856e-02,1.566853792639482258e-03
4.722680407135530951e-03,2.965154393704017965e-03,-1.061814220276578909e-02,8.448691762376030201e-02,-1.811150946036232945e-02,1.640201084449749436e-02,-2.486921142243636584e-02,-5.403742804170407789e-03,9.424072109184651255e-04,2.658539179790445073e-02
4.747640561161822065e-02,5.932682090047936702e-02,1.060206795363199082e-02,-3.700262410711811084e-02,-5.922454826524118504e-02,-3.499464740282086372e-02,-4.664496101380793264e-03,7.789459084097666297e-02,8.897081665005962536e-02,-1.031997090984604348e-02
6.094468969338936309e-02,-8.559736794752280343e-04,-9.657414747632705326e-03,8.492082189102652997e-04,6.736603448270191141e-02,7.143808484751426602e-02,1.361666734654550133e-02,-1.009785495010715427e-02,3.084242087939309887e-02,6.773073577223419350e-02
7.614132586977491457e-02,1.685503200567684684e-02,-6.291929482265208595e-03,-1.999821254092803632e-02,4.632166108062359122e-02,1.023110877765101567e-01,-9.856478200612481602e-03,-2.907246507344425981e-02,4.744625597541750339e-02,3.582127658912779428e-02
1.592541371716071213e-02,-4.228483218740170663e-02,-9.435595076719340696e-03,-6.648307798487539111e-03,3.644244472992242551e-02,-4.273354076241023952e-03,3.391988514063503431e-03,-5.354907747635613557e-02,1.009326368430311233e-02,-2.608412959904062370e-02
-1.685602657118447437e-02,-1.647641676515081838e-02,4.654546003907952811e-02,3.947018575004648117e-02,-3.979560683402446480e-02,-2.347052158207886541e-02,-4.013829194651209048e-02,4.008301652648807445e-02,-2.935222053575206472e-04,-4.512306364019035704e-02
-8.881060043163912631e-04,-1.742514714141675525e-02,-1.533790161156123495e-02,9.331036955002943931e-03,-6.643604680844360927e-03,9.308421538926995795e-03,2.123081078500128199e-02,-8.951486164332829454e-02,1.964550408026066730e-02,3.475966741329621079e-02
2.441716649153933064e-02,2.542228661884404425e-02,-2.849927827233281804e-03,-1.969669867872477637e-02,2.270121450499526516e-02,-1.231955310007029451e-02,2.181885594703100034e-02,-4.217695841391959355e-02,5.000187845884943721e-02,-3.075520550681881682e-02
1.611855832010843093e-02,3.061789208325687781e-02,1.804111607403346279e-02,2.528588345223393291e-02,2.860421182140028551e-02,5.181125078938308981e-02,1.847140404755051243e-02,4.795599535667130486e-02,-8.777663657058105626e-03,6.955105517446193153e-02
2.175095652682649400e-02,3.527071077932827925e-02,1.898948248511692777e-02,-4.438227865878435763e-02,2.873620190489328471e-02,3.821332002661732147e-02,2.392061955659549599e-02,1.425966457882060605e-02,2.930199529432969338e-02,-5.240477721108583765e-03
-5.409878583059517937e-02,1.218146551795593058e-02,6.506451667828594410e-02,-3.907061509757777523e-02,-2.677017846063313444e-02,1.361513912572456277e-02,5.834041010114000142e-02,5.146696017457901701e-02,-1.585269172041304034e-02,-2.247822080009309262e-02
-1.037865283238242030e-02,-4.184146693189658150e-02,-2.790730986477214098e-03,-5.990086258350326570e-02,1.900094044766935039e-02,3.992203152795523874e-02,4.830764086704698174e-02,-2.580269010109387251e-02,-1.796967663923904751e-02,-5.458017399546244951e-03
1.785526901580882647e-02,-8.487356440845574002e-02,-2.154251560352290346e-02,-1.132054507504734638e-02,-2.799020214525762412e-02,-2.328221758848264544e-02,4.525816587862926260e-02,-2.642502887379023085e-02,-2.717237548362435098e-02,-2.465192957038678592e-02
6.083961377078560967e-02,2.616242568258378420e-02,1.247388137590184180e-02,2.729288440942323479e-02,6.773115414359645592e-02,-1.854482179971628578e-02,6.111002406904895989e-02,1.504240375425995938e-02,2.102664481631640395e-02,9.084430807564774710e-03
2.093913209186418906e-02,1.859382062962178575e-03,1.798512261543076460e-02,-1.353190057750178546e-02,-1.862641159937974923e-03,-4.032076349033709289e-02,9.984057178504640931e-03,2.274499143079120739e-03,4.230870214703737198e-02,-5.265673425634026517e-02
-6.244403010046867264e-02,-5.313494913908044237e-02,-3.090546517177928092e-03,8.344878279513039468e-03,-1.818853181445985803e-02,6.188855892966505477e-03,5.202871750964042225e-03,-2.208670763125143710e-02,-4.976759697734786658e-02,1.311630127227476385e-02
2.974038762716578466e-02,-3.250270350881293707e-02,-7.023827897871427750e-02,-1.549334853370874093e-02,5.460709189703454730e-02,5.039237407973845909e-03,-6.660962134749850994e-02,-2.108503684422626326e-02,7.660419412780680726e-02,-2.623492910049532098e-02
-2.342263731504157839e-03,1.031577968532869892e-02,-1.378669569028793083e-02,-1.285724386531556830e-02,-5.793695356881893577e-02,-4.185632365987981135e-02,-1.529839914665453299e-02,-1.876056540323658289e-03,4.462377996177350255e-04,-5.628177169675925053e-03
5.135748460759925055e-02,6.196984873156883428e-02,7.894121297141185392e-03,-1.777719865272209612e-02,2.337681189785034350e-02,2.181569198169363427e-02,-1.711131923816209752e-02,2.099771820667130362e-02,3.583979782275695247e-02,2.923430379358217535e-02
-1.436949262079045830e-02,-3.284521318024715558e-02,2.333072967438900788e-02,1.542771368284629949e-02,-2.555894320780443402e-02,-5.545656775289311419e-02,5.769022603794065479e-03,-2.102913408812509891e-02,-4.540043981044829258e-02,-4.102801449778694515e-02
-2.637207677011123991e-02,-1.882349861058799090e-02,3.224692141616964519e-02,-3.094557864737317379e-02,2.287699957429986664e-02,-2.304824063283448653e-04,3.802976785400795368e-02,-1.077138380840291822e-02,-4.189201875461562308e-02,1.239021421024241558e-02
4.376239727725050183e-02,-4.122947305425757325e-02,-3.898494056686677232e-03,6.882428008882587704e-03,2.440935014628136356e-03,-1.680591222701252260e-02,-5.114019603781597145e-02,2.287765383886157175e-02,-2.752408120100767030e-03,-3.528153001515987180e-02
1.771230196918180053e-02,7.786329878770249097e-03,-4.096206395996768168e-03,-3.997315883074053534e-03,-2.448302116973495243e-02,-4.977236270675632068e-02,-3.221570293802573232e-02,9.154747969296293808e-03,5.283850719715758176e-02,1.227357312810773218e-02
4.686485502809657408e-03,2.089330057217662906e-02,-1.203358204585472770e-03,1.676648945129645754e-02,6.084768087154450271e-03,-4.558386455785690128e-02,-3.918842115506929180e-02,2.484346916807166072e-02,-2.442842340600225731e-02,2.592046203856437914e-02
2.031748461200475961e-02,4.396069962611976953e-03,2.531965949907126132e-02,3.357895757752524246e-02,1.337786133245437263e-02,1.849918797363049941e-02,-4.819966375823053067e-02,-2.319049072345045429e-03,-1.369339713205284560e-02,3.349807943590588782e-02
-5.437455834754614803e-02,1.540720840000213074e-02,1.233854423799454064e-02,-1.322469302241862559e-03,-1.983293234875907474e-02,-3.475946677137348867e-02,1.146267155834045440e-02,5.652576840469791288e-03,-6.060250518307093437e-02,-4.708166358700865972e-02
-5.823357666283900114e-02,-2.068045055989254158e-02,3.675721487420234666e-03,1.441468121218041597e-02,-5.328456561427381832e-02,-5.907442177830027341e-03,2.893045075024840151e-02,1.058684489812631788e-02,-2.271464937132609829e-02,9.911402808906721862e-05
2.086182292775311947e-02,-3.819130421776270167e-03,-4.487216002012108657e-02,1.963469151897518500e-02,1.726219567550571488e-02,9.276495789942040436e-04,2.949272415804827380e-03,-1.545463600148159859e-02,1.045041411494710380e-02,-1.399176446106079226e-02
-3.627617784847238236e-02,-5.903162467859168934e-03,-5.480973126933359751e-02,-1.303018082294437295e-02,1.758542555436446927e-02,3.100234129797298233e-02,-8.525783323865453178e-02,-4.163759051870319187e-03,8.465907922199985159e-04,2.531688392327472586e-02
6.804800715769213602e-03,-3.258805555564317502e-02,-1.306220818506403751e-02,-5.188148929316885663e-03,-5.116276461001390691e-02,-6.619186497260290403e-02,-1.939219671675077722e-02,-1.675807226888009760e-03,-1.211861213569370883e-02,-1.449849636396935773e-02
4.265530354332201790e-02,-4.295236180972169387e-02,-6.478629121638498391e-03,-3.214039645515423538e-02,5.482677956371351941e-03,-4.705061423092466409e-03,-1.790149361916258328e-02,-3.767307397268174207e-03,-3.878335700559763094e-03,-3.072573853361482143e-02
-3.123767327701859262e-02,-2.304377474798652639e-02,2.097662102354073271e-02,-6.262645058340766090e-03,-1.837745167393838031e-02,2.496097551942026010e-02,-1.346000973075502267e-02,8.798437353351831400e-03,-3.699221115287616019e-02,-8.745709196508457892e-03
-5.036635764209785454e-02,-4.555526010753809668e-02,-5.260048833413300678e-02,-7.494673398294092459e-03,-1.006594440626702031e-02,2.870488253123187894e-02,-3.964093123285584302e-02,4.649314010598175860e-03,-3.324735546300091465e-02,3.564389133988833669e-02
2.051429767288458217e-02,1.618239038314690098e-02,-3.905437323562545564e-03,4.775302392590018846e-02,3.757057296111692563e-02,2.797070425428982085e-02,-6.112689390717357049e-03,4.729492614330076464e-03,-1.095570698839868490e-02,3.645283063186359473e-02
-1.322641220617702673e-02,1.019269773170649283e-02,1.820052488383275616e-02,-2.810341432287300281e-02,-2.164501645314309899e-03,-3.331765937557654156e-02,7.112501390219892229e-03,2.134177814872037157e-02,7.712520287455218969e-03,-2.701985553000389034e-02
-4.009898992683422203e-02,1.051237906148575797e-02,-1.365454566362094870e-02,-3.533418992638063388e-02,-1.525419916932308634e-02,-4.228040312923071059e-02,-4.593385918632145355e-03,2.198524096609319467e-02,-4.932956532087246285e-03,-7.935352664126944788e-02
3.401116394085256650e-02,4.150949365389453721e-02,2.768558359503355340e-02,-3.714936956270320501e-02,2.972354069767627407e-02,2.568320015480780177e-02,-1.432458413303905505e-02,-1.915555214826785042e-03,-1.834834745188279950e-02,3.127666220921679688e-03
-1.507646082733516378e-02,-3.192857237221490702e-02,-4.749731489913324584e-02,-7.358582157658932581e-03,-1.868267960632007466e-02,-3.882672625587149651e-02,-3.837518925370053680e-02,-2.003831000560956851e-02,-4.574414200651120282e-02,-3.638692765721193018e-02
1.122303323986334478e-02,2.104213220728609612e-02,1.673115077716235766e-03,-2.783988526863619486e-02,6.218414079517444598e-02,-9.547960785798306066e-03,1.633887592663290853e-02,1.499679236497316465e-02,2.932596034232290427e-02,-4.515953088502833168e-02
5.243499844446149714e-03,-5.476074891037572764e-03,-5.361192027630239110e-02,6.023508186406707765e-02,8.304079889282164201e-03,2.850939084628670642e-02,-4.858019753131097404e-04,-2.601386062697026713e-02,-2.945687126516296703e-02,2.231446655691579628e-02
-5.816781304720275436e-02,5.043810254990591102e-02,-2.761719533477141608e-02,-1.277636197547921126e-02,1.050872489334196518e-02,-7.385921075867922340e-03,3.768314915435735241e-02,1.987048363855503652e-02,-5.000976512583708150e-02,-1.370277547000268124e-02
3.840583112259352699e-02,1.044721830535715219e-02,2.601290081731826367e-02,4.415330067655828805e-02,3.464712892315213039e-02,6.604133506376798010e-03,-2.995510239407659508e-02,-2.098383454943070214e-02,7.936577456956356649e-03,-2.083218723561705565e-02
-1.078496843345386723e-02,3.145661702636009388e-02,-4.463669565723429877e-02,-2.367077119563207668e-02,-4.634928456525355678e-03,9.880785380192427456e-03,-3.292347380802918000e-02,2.893635072959329095e-04,-9.843337962437061217e-03,-2.581004087797774196e-02
3.126041075300268167e-03,4.658450795607958078e-02,1.645459705904032607e-02,-2.795248549223614681e-02,-1.814731137983518691e-02,-2.393814389239220727e-02,-4.437222232138251544e-03,4.744549486367084790e-02,1.641601069691920461e-02,1.646464826269667184e-02
3.551431688177585089e-02,7.035808496932544065e-02,1.545264280235559770e-02,2.122389671704837805e-02,2.417927147027488979e-03,8.241093604290754271e-03,1.435011045518604263e-02,3.192112979267466150e-02,6.604658342720021169e-02,1.112617466135705849e-02
6.801550727238310327e-03,6.262103622494823163e-02,8.277200212450583350e-03,-5.581192182376878974e-02,1.312828449643511919e-02,-1.598083652547069994e-02,-3.382695803918296749e-03,3.356982034098708600e-02,-1.515321662448208297e-02,-4.443414228659108706e-02
5.352865380529429895e-02,4.562315906629665213e-02,4.121009895823196656e-02,2.076073745828277764e-02,9.548722882170972495e-03,9.027430256710188006e-02,2.838730833355177646e-02,3.175036645968564580e-02,1.918784742888789835e-02,4.279860055265478219e-02
1.002882481421548538e-02,-2.868889478995693271e-02,5.897786531429601020e-02,-2.447508241800947296e-02,3.432806619387439306e-02,-3.011112952987465147e-02,3.866914828485230188e-02,1.296472762413408523e-02,-9.607678445152905561e-04,-3.531788954249248658e-02
3.377926793018497503e-03,-6.268395687173543285e-03,-2.539304346986028665e-02,3.574252177099929845e-02,-6.494912848203678035e-02,-1.756359121504599829e-02,7.616515813818915820e-03,1.330875637088444266e-02,-2.540831616098292861e-02,3.507496982698802418e-02
-1.006131991201779895e-02,7.772547396513168096e-03,3.008932238801300535e-02,-5.528903450933950886e-02,-7.966223332036807478e-03,-4.790297353415672033e-02,-2.323781524617999500e-02,4.197297882903272548e-02,-4.065323157015227236e-03,-5.996435628124838213e-02
-1.539725343115273294e-02,-2.009591840651049274e-02,-2.866372590044990662e-02,1.502246066622727610e-02,-9.870516508767837940e-03,7.718952650835156012e-03,1.799182057951457386e-02,-1.597873458344022807e-02,4.171683354821555806e-02,2.767060434046347481e-02
5.821658130962295563e-02,3.955458136659577989e-02,-1.755656881618134629e-02,4.789022747902554195e-02,4.032944275354173602e-02,3.554477248758105418e-02,-5.624074454585415057e-03,1.595436713807849363e-02,3.107089238829239056e-02,4.133360943881041194e-02
-3.856552900150991836e-02,-2.736877438308784813e-02,-1.953917457649067060e-02,-4.422638451764226292e-03,4.305717355649934380e-02,2.111804274983825752e-03,2.697491313243373726e-02,-6.225389598812229412e-03,-4.865164687122806170e-02,-1.726092053301958237e-02
-2.899341620431682143e-02,-2.344679105787740234e-03,-2.419744960018098412e-02,4.923615209149785621e-02,-2.611562532950862259e-03,3.540505074737709118e-02,-2.293266119193911740e-02,-6.600883717303466722e-03,-3.003098329455712936e-02,6.792500640505835796e-02
1.014272195581372368e-02,-2.010223075584059022e-02,6.694442175768711145e-02,3.336085886231818232e-02,1.445816108134962037e-02,1.422942620984451664e-02,3.009105735004645107e-02,2.841885427581349391e-02,1.986327813963711941e-03,4.241968505946761003e-02
-4.509988046715295712e-02,4.482246015797572945e-03,-4.343399011177304786e-02,1.555405932371398559e-03,-6.379817491902031734e-02,-1.130515368408409500e-02,-4.221857784889024995e-02,-3.457308192786136269e-02,-1.873293579412793619e-02,-9.699105571686598634e-03
-8.057921227974780554e-03,-1.385554728061008656e-02,1.917873964601704215e-02,-5.916504636463744415e-02,5.234395158384174025e-03,-3.006043174628426559e-02,1.175416378318126440e-02,3.226025414186493162e-02,5.011482761078896783e-04,-4.926652088185300843e-02
-2.216576289114728301e-02,2.554244426801074736e-03,-4.599770528961157068e-02,7.160771810814875113e-03,4.363344719426332646e-02,2.828074812307243904e-02,-1.139036328535700769e-02,-4.227225132654834072e-02,-3.647698072386621609e-02,6.184733458034448461e-03
1.178083792602158814e-02,1.661234716988628166e-02,-6.817546379632809239e-02,-7.962127513417935343e-02,-5.391888493458045321e-03,3.391587284806849706e-03,-3.857402292581565972e-02,-1.995054600307642062e-02,1.463807004006871526e-02,-2.452621260036493087e-03
1.596666533308539748e-02,4.794464593692223525e-02,5.170416193052256026e-02,2.113237129697332836e-02,-7.305420671704953781e-03,3.430291722835373397e-02,5.889006447502563579e-02,5.655627981498087542e-02,1.993303674411634960e-02,6.580425255164484843e-02
3.961168198983127525e-02,-1.760210265947978817e-02,-5.169411780645793292e-02,1.093370062047174796e-02,3.255247287314945448e-02,8.965722392053140791e-05,3.008359029152156416e-02,-2.531398530026970559e-02,3.521435755277988605e-02,8.136109646339744622e-03
1.051650479766995383e-02,1.384492308622118674e-02,-3.453648468397764459e-02,1.532004831398071747e-02,1.295374871866323239e-02,1.213708447094552154e-02,-5.907062366227540731e-03,-3.701607607748783751e-02,6.743577991937223237e-02,1.298816049081025562e-02
-8.132728110430954838e-02,-7.450043293092963037e-02,-4.025123439081681846e-03,-2.582270503512992376e-03,-2.414453440867837461e-02,-2.984735295119566451e-02,3.394177679427384797e-02,-1.450586351207787915e-02,-4.155108597382797808e-02,2.829331861484430700e-03
2.928156721997697554e-02,4.963988089252808350e-02,4.949502345000012654e-02,1.111541766529142335e-02,4.592734635222354284e-02,3.396485434849796231e-02,3.716543093682017629e-02,2.711778903733620336e-02,2.748247045768359431e-02,4.888510384831008804e-02
2.957628818702557130e-02,1.053504867312873459e-03,-2.623588201763154062e-02,5.044259304563748075e-02,5.833528176170144075e-02,7.397893477645069160e-02,-1.981533545618391692e-02,-6.589143988775760484e-03,-2.833214677540551660e-02,9.187206846965052798e-02
-3.575671285899286594e-02,1.064077980579470999e-02,5.004518655730728904e-02,-3.340742487461326876e-02,-6.484307019029365848e-02,3.573758740037641379e-02,-8.362622206850557627e-03,4.081219368769248290e-02,-1.291894905294936266e-02,1.944091290501195196e-02
-6.744161805410417432e-03,3.147332728682293579e-02,-3.010313184613699553e-02,5.733027795883786741e-03,-2.685270351588060420e-02,-2.834241427433581428e-02,-4.190090175963414459e-02,1.835222802204866319e-02,1.905693808973486086e-02,1.086499131443267180e-02
2.621640777576290590e-02,-9.055063098709507929e-03,-3.809055651371380524e-02,2.450140854945557708e-02,2.377731899844942945e-02,3.578233809687841882e-02,1.445347884035865123e-02,-2.867497976756568437e-02,-1.061176181264779535e-02,-1.185797523310294123e-03
2.708396645095911826e-02,-9.607975131483403874e-02,-6.044496850650974556e-02,8.691730338654840224e-03,-9.082407122843881575e-03,-3.721041740150502625e-02,-3.627365599392363277e-02,-5.906109890399278972e-02,-4.359462665673069504e-02,-2.463469248835337827e-02
-3.663973748470197161e-02,1.072958441543487608e-02,-5.478244704150678039e-03,6.331694896674710735e-03,5.451015146955924019e-03,8.664460595201275333e-04,-3.727193579880051701e-03,-5.821603991895995395e-02,9.610333430317783560e-03,-2.566176111409696273e-02
-1.923320974358913929e-02,5.949257512711904512e-03,-4.118652183892362179e-02,2.152481723808653997e-03,6.908101095338687291e-03,2.458519251312903803e-02,-5.334841242678559081e-02,-1.925847300443109603e-02,-3.434630936323362915e-02,-4.892637195037226848e-03
-3.916999291866898880e-02,1.310109780651129603e-02,-2.617489445976625348e-02,2.674260869352250436e-02,-3.049167552433543205e-02,-3.439209425722079133e-02,3.181942157032142948e-02,3.249133950775838497e-02,6.954939928662438008e-04,9.334521543172068225e-03
5.060174988832853715e-02,7.165385433587415781e-03,2.509162479540206700e-02,5.027427034626365948e-02,1.977580520437570433e-02,5.560993134271872279e-02,6.857641066472366063e-03,-2.032329313856818739e-02,7.768839058664241126e-02,3.743625586407857420e-02
3.074307552302816063e-02,4.738034375192268915e-02,5.406981269822220930e-03,-6.779909715893013555e-02,-5.520297236614806619e-02,-4.201580136811774308e-02,-1.248785244338920797e-02,3.203088607468849991e-02,-2.031581285742273604e-02,-4.106175118550378644e-02
-1.101809836356332402e-02,-8.867929921720134334e-02,3.604020925085504173e-02,3.403300896391366244e-03,2.462639808346257092e-02,1.309275536751167840e-02,1.817272609846864182e-03,-5.752685544227918724e-02,-6.662421605648946588e-02,1.592850867994943104e-02
2.511181969416454232e-02,-2.006899361118470032e-02,-4.327619784150808953e-03,-3.597776908220606806e-02,3.767889001792083803e-02,-1.385485964809013947e-02,-2.624411924975244420e-02,-4.334423617774909449e-02,1.217507070796404814e-02,-4.821836651472740515e-02
2.498461605443585976e-02,3.187789061271470437e-02,-5.101454234790538111e-02,2.432564115668121862e-02,-1.626374570912812040e-02,1.833285985257744610e-02,-1.911660094591690826e-02,1.802551212563866738e-05,2.448688489623986053e-02,-1.611919326311523140e-02
-1.087443229129425072e-02,1.655666420220796090e-02,-3.453139211884930209e-03,-5.171064886760667195e-02,2.051612145253946945e-02,1.602402834748645200e-02,2.458426946802486773e-02,1.769764051067853824e-02,1.339148610125735772e-02,-9.601035210608160203e-03
-2.006422851746932079e-02,6.061614275484606545e-02,-2.101909127965991345e-02,1.575019420562806874e-02,-2.198097626507159591e-02,-1.689585954273143537e-02,-3.471985865883157191e-02,2.308500566926014949e-02,4.106634684202244145e-02,-1.806828197269239912e-03
-2.063096381924850106e-02,-5.148687131476586964e-02,-1.459673732110073133e-02,3.878768418487770365e-03,4.985332221112602491e-03,-1.189497580491746635e-02,-1.341259751640539073e-02,-6.440574130348161730e-02,1.693318638274375273e-03,4.675823630153439631e-02
-3.367692453384711626e-02,4.060538598878350052e-04,-4.015159552484515171e-02,1.710220499010696796e-02,-6.673883312420356324e-03,3.738270948471928562e-02,-2.110359566332616760e-02,2.409246921938545949e-02,-1.588241234437620317e-02,3.490862081343308609e-02
-1.482082554061716489e-02,-3.543895314031310362e-02,-9.069514941889990356e-03,-1.153143692885327636e-02,-4.086106386498003507e-02,-9.103977250881599426e-03,-4.204574444327462829e-03,1.288670947066740402e-02,-4.105175564931016347e-02,1.309112290150474429e-02
4.224636989380919222e-02,-1.334818410506378658e-02,4.717284770787347203e-02,-1.409701705343670460e-02,1.450237930667801732e-02,-2.979073340966912828e-02,2.830405625318136928e-02,-6.904526199706394890e-03,3.087011540930482967e-02,1.322083067251041046e-03
-3.498685784716078651e-03,-9.742866360296540199e-03,2.405944684559931795e-02,-1.259253834139290387e-02,-3.922602349235817382e-02,-2.039430855461191183e-02,3.521828784536870649e-02,1.375572104587841592e-02,-2.506147249826670004e-02,-7.946000228647701405e-03
6.344896153926809709e-03,1.652419120449530668e-02,3.826179298939474255e-02,-1.876976876204868375e-02,-3.101463174613785720e-02,-1.626564914716594618e-02,-9.018078684515661719e-03,3.366769576484777982e-02,4.322416560387856016e-02,3.853510627632526775e-02
-2.418736624161541698e-02,1.459229981418720852e-02,1.135593201057726910e-02,-9.744371070922996578e-03,5.346210881086019794e-03,-1.914532390125917938e-03,-1.506302429454429645e-02,1.714908328160682019e-02,-2.147745187690578220e-02,8.251088871989062726e-03
1.316867786674010520e-02,4.175456269889476352e-02,-2.312229719414710810e-02,-1.659419174533765997e-03,6.101469005761922179e-03,1.698010433278423787e-03,-5.186819764971740271e-02,1.213575353449731879e-02,6.185466322913695664e-02,-2.764117531515477080e-02
-2.070539231418136103e-03,-5.347488490243441916e-02,-7.131632813062625809e-02,3.176514172525340008e-03,-1.115919293097059235e-02,7.400507735424136091e-02,-2.481047037686287191e-02,-7.630500835430086004e-02,-1.695490415222378850e-03,8.799861069130074376e-02
-4.256184097488606433e-02,-1.797749957874955617e-02,-1.715640313087481855e-02,3.592725344660061687e-02,-3.118339510744409793e-02,-1.839550958869506578e-02,-5.162974966921429765e-02,3.764982521792021967e-03,-3.820100102379567208e-02,3.117090464401555891e-02
-2.571179697220177252e-02,2.162607548311901943e-04,2.190706418001117997e-02,3.297903142169834531e-03,-1.689095535630821918e-05,-1.547399441373153387e-03,3.658635368070928956e-02,2.096853457746983979e-02,-3.291158571492302891e-03,-1.278398218095293595e-03
-2.785691507383455251e-02,1.765572501642607983e-02,3.168385848990147580e-02,-8.089155358860174866e-03,3.455446686351313496e-03,-6.521490450464803926e-03,-1.351833623887866223e-02,-9.275437365636419670e-03,3.102519579027801858e-02,-3.743968071832965566e-02
-3.667780237943323030e-02,-1.181529200847950207e-03,1.098359237209805585e-02,-4.347091441262437850e-02,6.034632901430306111e-03,-3.169090005522903070e-02,1.140243124605614528e-02,2.827221412826405600e-02,-8.111928744116370105e-03,-8.130553008892042050e-03
1.037133366458598471e-03,3.384695516640588708e-02,-1.337933040252223607e-02,-3.117618789823673950e-02,5.057776945417683315e-03,-3.382809183628320004e-02,3.674530616990902276e-02,2.317499618141032058e-02,3.473840531776133805e-02,-2.476435550573613184e-02
-4.335519618644016748e-02,2.122174231969934516e-02,2.558355277570692476e-02,3.821899031465108860e-03,-2.127252098211237716e-02,2.399555788203817930e-02,1.154133593152161658e-02,7.281614811404698261e-03,-4.994467746319604905e-03,-1.693206134700797269e-02
-1.914975358269729519e-02,-9.298366139485012699e-03,5.820242835058272307e-02,-7.176003699320226102e-03,-4.780045394900995712e-03,6.461662120061125933e-03,1.350854214360109815e-02,6.361286990674683631e-03,-2.306741615617121516e-02,8.959897832019900546e-03
-3.420965687706966664e-03,-1.564957403374479339e-04,-3.615345293977844515e-02,6.157260601133047323e-02,-1.614712128376963318e-02,1.822041357557434640e-02,-1.617067707254229644e-02,-4.171135604389860502e-02,4.624231444364199778e-02,6.077102559927437253e-02
-2.923498083709827333e-02,1.321926009256698450e-03,3.565747526919290505e-02,2.494505041440807022e-02,2.401496731193559706e-02,6.189103417848575150e-02,5.028305181268549057e-02,7.033141098215625608e-02,1.358333804823124054e-02,-4.032260556489810494e-02
1.538123175024107628e-02,2.281255411054590454e-02,1.164829657645220264e-02,-2.081020218016369980e-02,2.635929408862273254e-02,3.554193266279131319e-02,1.590387152108207677e-02,-1.833773961380227510e-02,1.334031561759964520e-02,-9.942745097329031348e-03
2.051020827133493221e-02,2.952028568987807508e-02,-2.739276252981034943e-02,4.024040428388647728e-02,3.843775796687102370e-03,-7.949069935403379333e-03,-1.067152011349609651e-02,4.286104649092214655e-03,3.202620146391296774e-02,4.147041949327111461e-03
-2.263831169039038499e-02,-6.015405890438473534e-03,-9.600194078156790156e-02,-4.578411837522843031e-02,-2.914958713158183334e-02,-3.916074174872848784e-02,-3.247547412039487880e-02,-4.923992344127199605e-02,-5.116867541961358373e-02,-7.415343024439184638e-02
3.465039213952132019e-02,1.222849938696052817e-02,4.569727779487543079e-03,-2.674723502017698276e-02,2.956911861757978779e-03,8.418889001308292597e-03,4.682533198168480765e-02,1.363235401152951623e-02,4.246984644760811584e-02,5.408680559481803679e-03
2.142058505490768844e-02,1.752982771325470659e-02,2.089243107186516610e-02,-4.117936954186437321e-02,-1.706403889877543614e-03,-7.426747505067839150e-02,1.630240853539364695e-02,-2.972136045798032949e-02,2.598589859967710431e-03,-2.476644855983519550e-02
1.743890218884532745e-02,1.122176188340110944e-02,1.661564094148456835e-02,-1.156612964458587044e-02,-2.138505136234041676e-02,-1.785308381759079417e-03,-5.707558348961209484e-03,2.494502911388905841e-02,1.912831092087191858e-03,-1.742361641938675390e-02
-2.883705171401424600e-02,1.488667028039027986e-02,2.980347975982647335e-02,6.790168936564164315e-02,-5.213444357737850171e-02,-4.521497591171940583e-02,1.320895961002549815e-02,2.852375164844447517e-02,-1.715113417147642871e-02,-1.072947114500488611e-03
-4.888158402647534324e-03,2.290664857420826594e-02,1.346448804139555380e-02,4.427308531024188448e-02,-4.165941275582361880e-02,-3.471767808930687621e-02,-7.858567838402396449e-03,1.888564761060724725e-02,1.175400962408264466e-03,4.150447004076782131e-02
-1.141029052434815692e-02,-3.955908149189926726e-02,-2.368591987660795956e-02,-1.313703001814530780e-03,1.250858622284402831e-02,-1.474301137778675011e-02,-7.494360375139333397e-02,-4.180826520098083338e-02,-1.085917696148269544e-02,-1.098385269144794806e-02
3.793187885404934734e-02,8.292973773277173555e-03,4.948540955457320090e-02,3.808882734181209817e-02,5.375812663082161352e-02,4.290474517300970486e-02,6.394032484462233365e-03,3.596348567246877154e-02,2.185347776039507986e-02,5.615051221779762680e-02
-9.399545610438227172e-02,-4.378295357916348052e-02,-3.374072848682616727e-02,4.164644861534169684e-02,-4.325362848017361844e-02,-1.351813782380041108e-02,2.485771722838512124e-02,-1.772551264424867407e-02,-7.070372665799279366e-02,-3.558091772601468684e-03
6.047942182081124211e-03,3.092229880927093236e-02,-1.047995366691697842e-02,-2.313718266543101157e-02,-1.659867153536687123e-02,4.590687466002338693e-03,-4.705166978611240863e-02,-2.166032520626723357e-02,-2.938412514075457518e-02,2.366964747368324393e-03
-1.546904403117969331e-03,3.756413160813291963e-02,-3.016464674476529439e-02,-3.225624205009242074e-02,8.698158178031404827e-03,7.990722605176921178e-03,-3.566938507754063847e-02,-3.090943157245955655e-02,2.955069944418995537e-02,2.848224166241348707e-02
-3.339824445828155214e-02,4.819762463276770076e-02,-1.311034928468592792e-02,-1.397791544679820828e-02,-2.242157953963275913e-02,-9.169461996219784028e-03,-2.227229586100442846e-02,2.034465884983361478e-02,-3.343407571183908394e-03,-5.085123792309977769e-02
-2.123895374050172036e-02,2.603493487037405324e-02,2.230498863838266399e-02,2.556183019265546516e-02,2.024845826002247967e-02,1.650989876239117998e-02,3.802521665850522314e-02,1.313642766122186459e-02,-1.649687899481977818e-02,-2.296484950864489255e-02
-1.041152718072718870e-02,5.638391310023392611e-02,4.080955907095706187e-02,-6.868499327100905522e-03,-3.392955185726316547e-02,1.316726833788193531e-02,-2.134845294763134923e-04,1.466500328345129826e-02,2.341185653157873761e-02,2.679803086436855289e-02
-6.310420453661765017e-03,-1.832771356757286960e-02,-2.295227057084411881e-02,-1.761201024051090719e-02,-8.781959674807590654e-03,1.928817709067154329e-02,-1.505176683427831945e-02,1.160524873147261715e-02,-3.386234244767061946e-02,5.308633109649080715e-03
1.679883126238249091e-02,-3.054254139339449003e-02,-5.022006151912463551e-02,-5.581867668741965355e-02,4.340122416449691822e-02,2.026510942192991105e-02,-4.457290269835297719e-02,-6.470925969863818017e-02,-7.389498552290708899e-02,2.660313158787690896e-02
2.918481766104554648e-02,2.415131611606401163e-02,3.929782785694403702e-02,-1.272391963041129281e-02,3.314069748930584258e-02,4.556097849334758698e-02,3.310760076361640714e-02,4.841257601041828312e-02,3.770531481056259293e-02,2.466362529838202547e-02
2.103581143719249202e-02,1.975780425573237572e-03,4.725347421731874650e-03,-2.280915071417048690e-02,9.522251035801150912e-03,9.670238164274013934e-03,4.823413345965032149e-03,-1.139775592995891963e-02,3.256717801401564499e-02,-1.191888454980954276e-02
1.369986723919772859e-02,6.518977322800036112e-02,7.544970782814823529e-02,-2.095943061203644348e-02,8.868862412453562549e-03,2.844466895925634384e-02,4.750324098911695020e-02,4.817534315059232575e-02,6.420460557046918371e-02,-3.445091825047104372e-02
4.957889453999712870e-02,5.307578779703275157e-02,4.635891978627369736e-02,3.232878295187305989e-02,-5.815123163844736556e-03,-2.867376384427896760e-02,-8.591107098550945786e-03,4.124050483168363590e-03,3.740562814590307067e-02,-4.858251032080690597e-03
-3.182296336347029131e-02,-3.941881785389216714e-02,-4.279557540201504168e-02,-1.286189364987943770e-02,-4.330060975412451663e-02,-1.955846164602430617e-02,1.292967302948782801e-02,2.228394830931034343e-03,-1.282649264503865974e-02,2.089447838506923970e-03
2.278629124682723895e-04,4.498929060459434109e-02,-3.062389115147682098e-02,-1.818654472501173708e-02,-7.415267297677374629e-03,-1.649247422852152811e-02,-2.432408581799659630e-02,9.521720610723722472e-03,2.673554119783641894e-02,1.505340068469869161e-02
-1.284464793136817860e-03,-4.083879776261795796e-02,-2.624941813581690639e-02,5.505409038128830992e-03,3.672514084509938964e-02,8.215825213279107087e-02,-8.220340423641293512e-03,-9.271142320958844149e-03,8.272555696674796857e-05,3.020299965238650020e-02
1.732361986293222064e-02,-1.549042186763058097e-02,1.160163434169338321e-02,2.420608850684709962e-02,1.614592240773158813e-02,-6.333444333323993546e-04,-6.335554512114471848e-02,-4.253221174041092040e-02,-7.284491022506557958e-04,3.298435524567632643e-02
-3.781775081177694842e-02,1.030019131244468318e-02,4.726619296327574937e-03,1.553035767511974988e-02,-4.106238473789544652e-02,-3.640915716583839612e-02,1.438837133024022281e-02,-2.416526894035345499e-02,-5.252622176367374891e-03,1.339528872006823419e-02
-1.589548540876085589e-02,-3.554303207097225803e-02,-5.689165553697840549e-02,-1.224592717617767335e-02,1.784659535171202738e-02,1.215890553046800743e-02,-3.470019086183923074e-02,-6.545742321415982945e-02,-3.230591125516855261e-02,2.023087197213301394e-02
-6.101952704588291948e-02,6.784815712682868913e-03,-1.522103926466843345e-02,3.409079706370651136e-02,-4.271514870597969277e-02,-5.038605758544106167e-02,-5.542328514803582934e-02,3.186754003621132536e-02,-2.213159530287553758e-02,-1.217042782667889129e-02
-5.151322419452393671e-03,1.018600831519842799e-02,1.080390484813650333e-02,-1.587093405644940088e-03,-7.570553279213418710e-03,-1.908143610548957217e-02,1.222887058501068549e-03,7.106306588389245914e-03,2.361544023211642473e-02,2.166126819382132793e-02
-2.332149971478933437e-02,2.707753321083274448e-02,-4.324421969033860613e-02,-1.017717349017853695e-03,1.484287873268086075e-02,5.260838353100680959e-02,-6.678590854380753172e-02,-5.857166299280740229e-02,3.278344381570692107e-02,-1.802260127791707094e-03
1.453424227939594839e-02,-1.998727406131735329e-02,-4.664940059249136906e-02,-2.258166282402493744e-02,1.816732516456803434e-02,2.299373771737598521e-02,-8.320787297991388831e-02,3.427641153134771291e-03,5.018847712029351343e-02,5.385010858576377152e-02
2.937774866498703719e-03,6.276150265475605346e-03,-9.909853453149942634e-03,4.219813782110668106e-03,-4.119290642740442571e-02,-4.412834433371341791e-02,8.312355604974371384e-03,-2.779448137181998388e-02,-2.808064155519821026e-02,-4.668378290284955906e-02
1.513587037769708460e-02,-3.226386714832979452e-02,5.314651399934512471e-04,4.826171386003115515e-03,3.800997496601350029e-02,4.681852787856354697e-02,-6.260640228580670492e-03,4.924128666395646142e-02,-4.083749178369222403e-03,3.324795652528745454e-02
4.947115790644330581e-03,3.551604625452469549e-02,3.698438829088170759e-02,-1.124244110953285213e-02,-1.365930676973684151e-02,2.064963792426485062e-02,1.737351479862305967e-03,1.922735128681052341e-02,-4.154291247335927667e-02,3.648854111054020133e-02
2.056265000626373782e-02,-4.876862393777414706e-02,-5.887011664525459119e-03,3.668656579670517837e-02,3.201421246281709043e-02,-1.020717326603826254e-02,-3.756988931072265114e-02,-2.057568110229589242e-02,-4.951178108985589132e-02,2.250867415479169617e-02
1.673241892673066333e-02,2.608152957668054273e-02,-1.335036371316127880e-02,1.768111784010849286e-02,1.602232472197585161e-02,-7.349840088197341637e-03,-1.110445980330831278e-02,1.989084578378603682e-02,2.074704691522301359e-02,3.133745272136789621e-04
-3.306535702563104945e-02,-2.156611229590933015e-02,-6.883655916897228610e-02,-4.667027702578494322e-03,-4.551842055341745463e-02,2.261709901927037858e-02,-1.240933312042751153e-02,-4.860255180752256349e-02,-1.086264207906400756e-02,3.454668874856463984e-02
9.052347278070320760e-04,2.389422937799266441e-02,2.521582701846230082e-02,-1.119876235465062930e-02,-2.564445370561353743e-02,-2.399840559885658281e-02,-2.889984532777958859e-02,4.182087672104860959e-02,2.709542254189020727e-02,1.031768837611923839e-02
1.441910932351112180e-02,8.624597047219356369e-03,5.939429402854344911e-03,-2.896795453462064351e-02,6.021683827613279888e-03,-2.545634831050124294e-02,-2.458886837400346345e-02,-9.082652335816702657e-03,2.390867441150812747e-02,1.194907691099589969e-02
-3.111479771952178203e-02,-4.751224305842381701e-02,-5.276526194072068271e-02,1.590169730623907512e-02,-1.991998460608607885e-02,-6.021426081262438480e-03,3.622729605557684085e-02,-6.710087304111381212e-02,-3.917551065650107245e-02,-8.867245071622341683e-04
1.016868511826449911e-02,-1.779614360921541807e-02,4.455387400142524906e-02,-5.352729224262658958e-02,6.562520142323712002e-02,-1.016254333599519999e-02,3.823333645314733013e-03,-9.935745447609996978e-03,1.302009511997306683e-02,-1.993227948015257808e-02
1.885644775474922680e-02,9.467302490181017660e-03,-8.826171508419208486e-03,1.256506720650717342e-02,3.179632041853964249e-03,1.037402717012225924e-02,-2.506982527071575234e-02,-1.012388071224453942e-02,1.005569416494604337e-02,2.396765858139042124e-02
6.424044912821894049e-02,3.717000675198594423e-02,2.035397984085652104e-02,-8.159893629777320231e-03,5.191562528342948124e-02,4.561977597354457958e-02,2.442781987666969162e-02,2.537229965676924409e-02,2.675422138799466235e-02,-1.057568672221862252e-02
-2.359865195648356423e-02,4.208045231335695580e-02,2.318984306249553123e-02,6.430403860395080169e-03,6.994255979491816218e-03,2.736645356708835783e-02,-1.844734933938244406e-02,4.217204517225860844e-02,-1.121855097370494034e-02,4.143710807686466768e-02
6.493003789961530881e-02,-1.269574290095697167e-02,2.265241129287568281e-02,1.511984601253700718e-02,3.375191223552154868e-02,1.441983505177282278e-02,2.551771448316492857e-02,2.474803216458775282e-02,3.605693626910076721e-02,6.572812220723388277e-02
1.357712445996010417e-02,-2.258555381305953069e-02,-4.224632580563900813e-02,1.794803227472150514e-02,-1.679862125941774739e-02,-4.324263921185401982e-02,-5.041721140190758010e-02,-1.528149899918819499e-02,4.851363670109581916e-02,-5.794358409385138090e-03
-6.661695019903930530e-03,-3.492076764075386502e-02,-6.391122792027977007e-03,2.608338099408680222e-02,-3.066099609297574108e-02,-4.102286785192314766e-02,-1.239501996876694098e-03,-1.252269025529555331e-02,-1.402342471593495503e-02,1.188399883459003749e-02
2.740614023442794478e-02,-4.247832273614118165e-02,-2.861834425595157980e-02,3.090362969013828176e-02,4.457065834094650625e-02,5.341982076218902004e-02,9.587702816547529275e-03,-3.540578239309236010e-03,1.955201322540242245e-02,3.181211901354624727e-02
-1.860087700616495573e-02,-1.292228851368549918e-02,3.865866795272888262e-02,1.493878095636911631e-02,-1.475804673409494491e-02,-6.196357056884091441e-02,3.855963448550048939e-02,1.298192671639901777e-03,3.295238359703044073e-02,-4.103500473268403836e-02
1.881194061489252847e-02,1.434166302962460934e-02,4.752643378412226872e-03,-1.173958260069287232e-02,-5.738759754819594550e-02,-3.708417110697596886e-02,-8.510826536871700723e-03,-4.392749431179608123e-03,6.057908568355012228e-03,1.929960027480577892e-02
4.542514273501116473e-02,2.385002741824316860e-02,1.245375117588510584e-02,-2.949511774976743082e-03,8.042688402810889425e-02,4.614629039218488132e-02,-1.220392525816259635e-02,-1.812235492657718675e-02,2.807362637197663435e-02,3.084574725345028828e-02
-6.030892794968741727e-02,-2.482128704779056755e-02,1.766484383527104976e-02,-2.489130771046964632e-02,-4.666613252912440307e-02,-1.636821435740157260e-02,4.471872328053120432e-02,-1.577297616391189553e-02,-1.286168655826312734e-02,-1.746386281068867605e-02
2.244749667679020802e-02,-1.021291548515386276e-02,-2.246780481024921935e-02,1.947412639431342438e-03,-3.087927977641952149e-02,-9.294271620452473903e-03,-9.112485633410598307e-03,4.807638458130428054e-03,-1.954404650084807724e-02,3.817572340493221444e-02
1.214787579205555725e-02,1.574688993063550965e-02,-1.659396147165672492e-02,-2.498716649691862940e-02,2.655065818986641554e-02,1.228236111509270478e-02,9.141496924043269676e-03,6.413835029083721218e-02,5.661042475168992505e-03,1.849201742053430131e-02
1.705859991106524476e-02,2.811588891180108463e-02,-1.086056549129289089e-02,-1.726506365736256779e-02,4.405476945989001553e-02,7.434827467578949967e-02,-6.348419992332794692e-02,2.741858903571310971e-02,3.069884734801968038e-02,4.091469090339962256e-02
-1.658960822636467575e-02,-2.425851290585320438e-02,-3.238956883398762254e-02,-6.031663796771846719e-02,-2.703560450219739952e-02,-4.246215267565868479e-02,-4.472136747615130213e-03,-1.121086418764703253e-02,-5.728963664264350233e-03,-6.006112527288511721e-02
-1.615569372792572192e-02,-5.219534937216672998e-02,-2.334434250477844183e-02,2.343688640722346034e-02,9.346952038450711750e-03,1.609354701049965294e-02,2.404898988912849110e-03,-1.185998747880346628e-02,-5.134996899789932845e-02,4.549796890855389853e-02
-2.029484734180621308e-02,2.615791930769971116e-02,5.260652894796019607e-02,-2.863593810937966125e-02,1.435792780952976390e-02,5.857619738498031497e-02,2.141819840958395990e-02,2.301553141833658292e-02,-2.610463789323304654e-02,1.886162494116259275e-02
1.170396027706102106e-02,6.749250958206207997e-03,3.995532895725159399e-03,1.752725927018610949e-02,1.713419915798491261e-02,3.044434769040464672e-02,2.578374262750405058e-02,5.853666641631638870e-03,4.721987685337956236e-02,8.795665989839374782e-03
8.168358809421672612e-03,-7.323446656378891639e-02,-2.154238661600834867e-02,-4.490304505507341365e-02,1.003453515688861389e-02,-3.822129660520967587e-02,-3.593758964908185666e-02,-5.575594355291470239e-02,-5.870214666417886140e-02,-5.726678888421433966e-02
-1.066764993885569585e-02,-1.268954250581815976e-02,-3.117470790688966348e-02,-6.273717605562362243e-02,-2.723796034124118318e-02,2.830375050749327909e-03,-5.037145815859684489e-02,-3.041911828543588867e-02,-3.514838508148511453e-02,2.274594098401361720e-03
-2.807235873782355784e-02,-2.038408337654350547e-02,-4.450694451459299289e-02,1.105883958955830755e-02,-3.420057204246064464e-02,-2.495457558670404266e-02,-3.288324104080742744e-02,-4.270218759628068017e-02,-1.954201841109298732e-02,-1.954378865570420565e-02
3.704770992354261550e-02,-2.200191789207373017e-02,-1.737793609568439104e-02,2.119292390437455681e-02,2.110719004726991158e-02,4.902686695814958279e-02,5.664240860454311174e-03,-1.396339923208936643e-02,9.457631679416602169e-04,4.469169914063985533e-02
3.343889678234752277e-02,4.010471560198272667e-02,-1.440819814482849869e-02,-9.442885731921186673e-03,3.065057867427181670e-02,5.845447624387788838e-02,-7.434717760814471728e-03,-1.159479058896877544e-02,-1.782424369164713890e-02,1.746435742779000461e-02
4.890251795965034308e-03,-1.999545177923512003e-03,-1.448623119634681426e-02,1.170122127732937424e-02,-2.764572771439186699e-02,-2.074225580940302488e-02,-2.355936633152549281e-02,-1.782041482531667928e-02,1.309181009674222594e-02,-9.297620877401796546e-03
6.684995907838905960e-02,3.400394377802388492e-03,2.736096489131218529e-02,3.105912356555249818e-02,2.948061108874551473e-02,-3.499445035271923216e-02,-3.594919557144102967e-02,1.601222349097226189e-03,2.529883486395548622e-02,-4.684524982950197258e-02
3.478697829202836295e-02,5.802885753161308308e-02,-2.264544080354715348e-03,-8.910473995495660215e-03,-1.696446832146635691e-02,-7.608472110893028072e-03,-1.334683488245977552e-02,2.736705974859696827e-02,4.279664911566248564e-02,1.294069579771880583e-03
-4.399893074321103298e-02,-9.097152668496224365e-03,3.070417125512818479e-02,-1.500888675282936215e-02,-5.319189979064819357e-02,-5.279726178080066529e-02,5.595902695103026347e-02,3.941658480766908196e-02,-2.618102213647555479e-02,-4.475351018857981478e-02
4.544217578069842389e-02,7.885916491615485580e-02,-7.397185698512400830e-04,-1.860900930377323154e-02,1.307747918176829088e-02,-2.178574547938208136e-02,3.696005797264547560e-02,2.536400287470194637e-02,3.207291292554291517e-02,3.545530793244911459e-03
-5.203803863139254415e-02,-8.048101377609235760e-03,3.727285269037920734e-02,-3.266291315648013616e-02,-3.852505105623224135e-03,-6.075370451469701977e-02,8.620371664014503041e-03,6.709745841073443129e-02,-7.215084901351485891e-02,-5.846860306653291206e-02
-1.324584853626039130e-02,-5.587056757497547987e-02,-9.153937645534846942e-03,8.012283850879470259e-02,-1.073071629243749561e-02,-3.724827850912178911e-02,-7.050565470618067043e-03,-6.347745172331044350e-02,-4.293066448459998546e-02,2.724867545287028986e-02
-6.815172874858720087e-02,-3.282436567222312557e-02,-2.963109181893928273e-02,-4.552455220978707945e-02,7.605675755259212918e-03,1.759381620217918135e-02,-1.031581940954577788e-02,-2.497993293300951345e-04,-4.406257636956108920e-02,-4.935135376138543271e-03
2.869546002802107407e-02,-4.653655896800577146e-02,1.361160202006293264e-02,-3.193811074497875102e-02,-5.683216829206394136e-03,-1.756154562573770776e-03,1.702571605233548988e-02,-2.734635552909247397e-02,2.004570566189746439e-02,2.377433712981330549e-02
3.671021370569033365e-03,1.869170264623487218e-02,2.157801133125527779e-02,3.985671384511208014e-04,1.105516554746686052e-02,3.160801561243684055e-02,4.930440256674840926e-02,1.682062143505893767e-02,2.258749271783647497e-02,-1.035140782673052776e-02
-6.871921890808907994e-03,3.605325633483712211e-02,5.467621424286923243e-02,1.695921656946093592e-02,1.441852361141354212e-02,7.824437300139102866e-03,-1.535430305459199035e-02,6.762761530875749383e-02,5.808858195345180213e-03,-1.680427013364093128e-02
-1.762530936453108807e-02,-3.006333539223320778e-02,-2.123942413936681997e-03,-2.507013968668902332e-02,1.006946325484682318e-02,6.495589372522887067e-03,-9.725376389720007120e-03,-4.949756240025095233e-02,-2.253316450111561564e-02,-2.340553590402020753e-02
2.713164215060855436e-02,5.238142689216357395e-02,-9.567007897907927466e-03,-4.118284204603057941e-02,-1.229862908875360532e-02,-4.719691355745497807e-02,-6.752099428471233442e-03,4.087776609165670594e-02,1.935440009103026786e-03,1.082261642436310560e-02
-3.963093158130485266e-03,3.453399703864822728e-02,3.985550196314382315e-02,1.260971600268302392e-02,-1.846827619110276084e-02,-5.114332836743662458e-02,1.319117605298277852e-02,1.035649119528610218e-02,4.493346767169804912e-02,-3.331289340948449806e-02
-7.750816917372022052e-02,9.957480722144645621e-03,-4.550771360947213767e-02,-5.024334192644162173e-02,-2.061600054951368347e-02,-7.658449299607440752e-02,-6.962752472346693533e-02,4.704587668871694495e-02,-2.117242882080572902e-02,-5.955756992261895810e-02
-2.953832409711121612e-02,-4.928713996747101367e-02,-3.348330493999010504e-02,-1.685759439819378008e-02,-1.060685627090076667e-02,-4.286957802052027144e-02,-6.108188132401154435e-02,-4.393893780580805999e-03,-2.369408033735625682e-02,-6.486601122642916481e-03
2.293826124766666294e-02,2.903374809469539547e-02,4.993865552507970040e-03,5.503821106294792820e-02,4.405172984918812040e-02,4.509723055201154615e-03,2.154599864123984271e-02,2.785073695634693400e-04,2.117890343939024533e-02,3.946623088516230948e-02
-2.004260422416034165e-02,1.440802060887651399e-02,-2.127051001891812343e-02,2.235684288820907403e-02,2.193787222664073111e-02,-1.964422148913215829e-02,-4.261481101625400059e-03,-2.009313538047940648e-02,-1.045550717788132702e-02,-2.901278218881457246e-02
-8.189370811785431914e-03,-6.947813604433566298e-03,2.138974082083548028e-02,-4.782419588434300151e-02,-4.176042227969902106e-03,-3.727473564006229118e-02,-3.070020829025298624e-03,2.025780862006667897e-03,7.636390465377746600e-03,-5.448065009067603465e-02
-2.221557768335958444e-02,-2.847787617344756453e-02,-5.356303568575462859e-02,-5.108525099492600835e-02,2.326644723809476525e-02,-6.086253670101868761e-03,3.220410915660823492e-02,-2.593759021780925322e-02,-3.580211249155355185e-02,-4.139623165839328295e-02
-3.516227182933515799e-02,9.669820681026673401e-03,-1.605695478091297493e-02,1.906442351058218465e-02,3.737440627385949649e-02,5.165931675245700322e-02,-4.632289783660736154e-02,1.250787679139312054e-02,-7.787853384494161299e-03,3.957250206582672847e-02
-5.325894274145389837e-03,1.515017782479996175e-02,2.424020975039542850e-02,-3.263899260274858577e-02,-3.739290589290376887e-02,-4.610346543593128732e-02,1.634215600059116605e-02,2.413004385964982387e-02,-1.713009486485317021e-02,-2.360383596141070808e-02
4.051269528315418200e-02,3.310035554647055428e-02,3.032886208038064815e-02,-2.830374966278819196e-03,9.840288101018300482e-03,-1.169955093382719913e-02,8.811721461799485160e-04,3.908089753130063876e-02,4.345065721365062861e-02,1.230517183155683571e-02
-5.728131695756840183e-03,-5.153947624801731575e-02,-3.776686095231998087e-03,-3.725765479571831185e-02,-1.282309635038832857e-02,4.143919293672088805e-02,-4.582762465606273795e-03,-3.787348019276375044e-02,-3.679457744562173588e-02,1.475954916657366833e-02
2.449162502535593908e-02,-2.718622300942155623e-02,1.733736392308240365e-02,-5.310719077759447349e-02,-3.872330560091731544e-02,-5.680006635618264216e-02,2.486670994527207662e-02,-1.929760819040027622e-02,1.149246948582169012e-02,-6.964294045301631930e-02
2.159386721382466900e-02,-5.571882029904472872e-02,-8.820612569560508376e-02,2.915108088494387795e-02,-1.902873561137340130e-02,-2.751106460227831663e-03,-4.520713586791330618e-02,-8.299146338475921203e-02,-3.080089040197218908e-02,3.680607564063632237e-02
-6.025563957841906237e-02,-9.675355479174828355e-02,5.283717320977461031e-03,4.699262177991078704e-02,-8.090198370218910917e-03,-2.788386553744568765e-03,-1.063347859028636322e-02,-8.616926838954994464e-03,-2.620738520308929509e-02,-2.338715366727696279e-03
-4.731413491723623910e-02,2.123499622493146832e-02,-3.415890687193670009e-04,5.206187257228205717e-02,2.685486388007903361e-02,4.392365069625425722e-03,-1.572634642949415074e-02,2.480598714922020373e-02,-1.782131772156321167e-02,3.259492865817231744e-02
2.095760246186756035e-02,3.746675964292715127e-02,5.498412465473211455e-03,-1.088346721856627008e-02,3.581023143198419634e-02,3.553371880739467775e-02,-1.375886441760998911e-02,4.248586622717188260e-02,6.851672230574680500e-02,1.683095127292645946e-02
1.509520662008204291e-02,4.479799894801445026e-02,3.855934747493475895e-02,-3.812684748681829851e-03,-9.167167436340236883e-03,1.431620503020051248e-02,1.598397683975242775e-02,-9.808813690624822515e-04,3.911817895312329207e-02,-2.546010605748256269e-03
3.849287632112356056e-02,6.958124699270836107e-03,6.110524191443489350e-02,-3.427290934259932115e-02,2.077536284391800353e-02,-8.203999543437482528e-03,6.593938592015807787e-02,4.090888225587541172e-02,3.134802116749902529e-02,2.102388148565701234e-02
5.541850853169936683e-03,-4.113348539796620601e-02,3.009611065713176103e-02,2.251468831323525516e-02,1.099658115657132021e-02,2.200428856238222444e-02,-3.091685045796615031e-02,-6.367606069017832729e-03,4.543846077458613825e-02,5.956477597950039088e-02
1.522629579911092927e-02,8.269582307602376878e-03,2.539357756692104187e-02,1.992562756689389425e-02,1.225568603605889893e-02,2.061180928235412102e-02,2.672673364493065654e-02,3.408066301830397354e-02,-3.707862707985561113e-02,2.718273434525984855e-02
1.431005775493461238e-02,1.745813299311694058e-02,-1.910206788543332423e-02,-4.796835651271182978e-03,-1.203342054659295966e-02,4.193189603544109079e-02,7.993076284006800716e-03,4.794411022759150626e-03,3.708503566861526268e-02,2.435195199520118897e-02
1.854282111098748062e-02,3.066147674562133552e-02,3.866395027463560147e-02,3.977278019504349414e-03,4.756021536372838539e-03,3.157457181972684462e-02,8.792852436037684738e-02,4.217995760377394460e-02,7.374112188827225411e-02,1.757506244589784883e-02
-5.432910765484123133e-02,9.479144369217750235e-03,-6.661700758103577744e-03,-5.297084465302469292e-02,-2.913374607375493822e-02,-3.937654369790865444e-02,-1.119388551472474784e-02,-1.545635931837049427e-02,4.568231156134163612e-03,-1.170713493781063742e-02
2.706156968222322556e-03,-3.055426291111463383e-02,-5.551210965012547127e-02,-1.728032484604866484e-02,-2.527972081833465556e-02,-3.888828314957848420e-02,-2.694120970751886016e-02,-2.893180132379577843e-02,3.497739702922565697e-02,4.233235734234951607e-03
-6.057955510649078862e-03,4.765059916100966228e-03,4.256398972031848020e-03,-8.170230909123105123e-02,-1.366015520571212463e-02,-7.219075692256855803e-02,1.671490161708525865e-02,2.604240775781336073e-02,5.587133652991882124e-03,-3.312735729577803018e-02
-2.047317399389866552e-02,-2.285630166458237772e-02,-3.260786814308824777e-02,-2.555844846908333218e-02,-2.681757229375287405e-02,-3.988678947567528971e-02,-3.199632714980604753e-02,9.783191446240697281e-03,4.748470424600323946e-03,-3.438798549767765195e-02
3.036490290245857579e-02,-3.952455505816028503e-03,-8.809422218358715570e-03,4.521525910807307376e-03,1.099486408865750324e-02,9.553787610513174086e-03,-5.043161597628868092e-02,-3.493063456506226728e-03,5.529525577864144101e-03,-2.886955569578630865e-02
-2.019545674106315927e-02,-5.115407422926461500e-02,-3.956731497503018780e-02,-2.642188534771903585e-03,-3.778707134788311661e-02,-2.112551293443496250e-02,-2.094757506794935747e-02,6.874790293231513270e-03,-2.036527809682876083e-02,2.430084654460431398e-02
-2.864321008664599474e-02,-1.145363741747339528e-02,-3.097480389724947131e-02,-4.112807524346713539e-02,8.081081337120182839e-03,1.546997104694318101e-02,-1.141070079386721954e-02,3.191334140292445293e-03,-6.195873489308995757e-02,-1.956788677730792944e-02
-3.718296073251877581e-02,-2.012499408332046533e-02,3.097092906352734085e-02,-5.269711413924890731e-03,-7.234007233967662542e-02,-6.626257637443858095e-02,2.714182249844630801e-02,5.441060342164139203e-03,-2.379292911529792831e-02,-5.112210611516757042e-02
5.757452583841495691e-02,3.192698636196235340e-02,2.069158760185937831e-03,3.911711743377045691e-02,3.853905609157447926e-02,6.751027434067821686e-02,4.213735848462914213e-02,1.236444253284485484e-02,5.066941736405842361e-02,6.040345806336617357e-02
4.007194873154044240e-03,1.199883390650687172e-02,-2.700556341354499318e-02,4.473870911953188654e-04,-4.136186634560120451e-02,-4.677845897548037896e-02,7.988816780615869834e-03,-1.408257625999085640e-02,1.917235217733722534e-03,-1.497571675150181046e-03
8.082034229131054501e-03,1.285106859500043282e-02,-1.806146405736930999e-02,-3.011609639174138084e-02,4.470165193842558227e-04,1.333443405713408657e-02,1.113087348587185783e-02,4.678656299378695926e-02,8.822745699680591136e-03,-1.544502089011302697e-02
-2.299395865095429231e-02,9.126674141155369929e-03,1.669610588379124086e-02,-2.732015488059930802e-02,-1.864852072217691031e-02,-3.285867073901638930e-02,-1.905630148100368251e-02,-9.411818246963760820e-03,-2.877852213724679635e-03,-2.729682894731392737e-02
-4.874524543413541466e-02,-5.877811256080062684e-03,1.265542509326276523e-02,4.295542254026050305e-02,-5.515504068206496247e-02,-4.563770750968636908e-02,2.604748617245745274e-02,9.005283014256321161e-04,-3.778066036887425469e-03,1.494234276647627042e-02
-3.334365704345582104e-02,-2.965320550402507360e-02,-2.420325713372651136e-02,-3.944140422240800109e-02,-1.582998955719009185e-02,-4.322341672379119426e-02,-3.834958934007630209e-03,1.334308556425730340e-02,-1.153243613193042499e-02,-1.636677266945196080e-02
3.787000630992053835e-02,-2.872150229118466611e-02,-3.330267575012746395e-02,-7.016211965536103823e-02,6.062443534277420221e-02,-3.243916039597882599e-03,-2.871510212045731356e-02,4.381608395872251156e-03,-3.184617446365208514e-03,-4.559097686369877750e-02
4.337940002677785623e-02,-3.188758013387310662e-03,-3.081364179735089984e-02,-3.209156208912979091e-02,8.562181298634908774e-03,2.173966015873786406e-02,-6.882559360600573606e-03,-2.579004292783845451e-02,1.867136375088499986e-02,-1.355507451636394668e-02
2.064408307103640997e-02,-4.138976660993455223e-03,-2.642162567865697503e-02,1.510219993338643603e-02,1.383649151987976882e-02,-1.631746217095146612e-02,2.714636826791840592e-03,5.317842154060667577e-03,-4.111456173699631206e-02,-2.201251783654765287e-02
4.310491020703453337e-03,-5.019730977200076091e-03,-1.422149254569582411e-02,4.322896595807113745e-02,5.885695683021389263e-03,4.408410259173086571e-02,3.109723990964659637e-02,-2.508326637623599711e-03,-9.609199708862673980e-03,3.764116203045519971e-02
-4.652445848259754296e-02,-4.782830077266028712e-02,3.610343241385133295e-02,-1.262886402208337686e-02,2.282685243232741162e-02,6.358396319380741138e-03,1.872775313634782168e-02,-1.955053561944398305e-02,-7.698989617558452125e-02,-3.931012383563810275e-03
-2.511133553475352123e-02,-2.832813325576669095e-02,5.862800709111205127e-03,1.557907252646851745e-02,-8.232808099358385548e-03,-1.353138237608279837e-02,3.723319821458208334e-02,1.854549472892914105e-03,-3.983464401744706007e-02,4.141881544341664834e-02
4.020812481163364011e-02,-3.217826183178509880e-02,-7.980483891534484453e-02,6.024162245378290176e-04,9.906494684591735100e-02,7.410833117727309849e-02,-8.263412562714761433e-02,-8.521436261982121008e-02,-1.604310408772913546e-02,5.621537117203817546e-02
-6.256726149042120266e-02,-6.199210072487792988e-02,-2.930640250353276285e-02,-2.466310861427277804e-02,2.054221599724312744e-02,-1.738107731489983016e-02,7.670461768684657539e-03,-3.487260212456932962e-02,-3.616094290212751305e-02,-4.177993893568743983e-02
-8.104195103821175417e-02,-4.022058163388826657e-02,-1.295696653932312988e-02,4.891380377715298655e-02,-2.936538550538088724e-02,4.551715962421818036e-03,-1.764328302421044881e-02,-8.866873290952740141e-03,-3.970848044144782707e-02,3.173838608870420408e-02
4.643209752188710328e-03,3.090900570940172468e-02,5.329994826208526298e-02,2.703937815234992714e-02,-1.436683676241690480e-03,-3.674549335180413850e-02,1.775901762757240918e-02,1.808636138741025884e-02,2.032965217943366251e-02,-1.795111891087688635e-02
-5.552003807281002262e-03,1.038959247352319593e-02,9.278342550298496194e-03,-3.605670936729295228e-02,2.730382594072709723e-02,1.720984605036465082e-02,3.352382691442086504e-02,3.575809750425568839e-02,2.195077058432765363e-02,-1.149796615326027088e-02
4.632739611002363589e-02,1.895575127972053478e-02,3.535068877863832559e-02,-1.527037193105378055e-02,2.703806554798912978e-02,3.939942818606017444e-02,3.007114380086336330e-02,4.160314630229378779e-02,2.227468588024852925e-02,5.224759383656709527e-03
3.226634540281465152e-02,-8.713252601680389342e-02,-2.486077964083102665e-02,-4.870321916216475457e-03,2.924590311649138963e-02,2.212442042644526333e-02,-1.169736869678848074e-02,-4.368675453468994635e-02,-4.516450471029125752e-02,1.442329795087624392e-02
4.474209615857223377e-02,1.440809101724309545e-02,-1.770118925945806526e-02,-5.523315403779538446e-02,5.693831971693779498e-02,2.464219659009776395e-02,3.102516204346475112e-03,5.263257801195426328e-03,2.556049976173451962e-02,-9.305481435580114508e-03
-7.201292429757223668e-02,-4.336228044608890497e-02,2.066579470411705755e-02,-1.142360868014735686e-02,-2.600406565499943645e-02,2.658818166911859193e-03,-2.184655878368128856e-02,-4.186664578261303088e-02,-4.027542260203423319e-02,-6.398543561488113929e-02
2.158478187853952665e-02,-4.003350438843357624e-03,-3.544779789587757662e-03,5.642959075366989902e-02,-2.182083347439551721e-02,2.092321546737769059e-02,-5.132765213818349381e-03,-3.883537097233906443e-02,3.227950409104156371e-02,1.707382532535758890e-02
-2.042199992101872974e-02,-9.246137800089187370e-03,-4.657560870393333621e-03,3.268489473622183256e-02,-1.740982749261401133e-02,-2.777548299976361369e-03,-3.106262837691319695e-02,-4.432015801597470779e-03,-3.189692457223108207e-02,-7.062427818274560551e-03
1.160726312917721367e-02,2.182333075473676109e-02,-5.796703968025718884e-03,1.681100877736484492e-02,2.556658994546322922e-02,4.697937071234900043e-03,3.071593138617080446e-05,2.582140866781524116e-02,4.271923277672592251e-02,1.885291648641650164e-02
3.391082275083921044e-02,-1.278217179618680718e-03,-2.411347142674627117e-02,2.181305030474276624e-02,-1.093922835283706214e-02,-2.746866494047042404e-02,-1.325549171401140501e-02,8.557563285852337262e-04,1.681857211963122198e-02,1.695914072490622981e-02
8.139968239499407315e-03,-4.229039880872949644e-03,3.186104149351060705e-02,8.368729588019341650e-03,-1.118532801098645613e-02,-5.221334755926335634e-03,8.049810784505456382e-03,-2.602300636132916581e-02,2.369248060927651653e-02,-1.515987229679469951e-02
-4.604084717858712011e-02,-2.031288616391343366e-02,1.022495547069273911e-02,5.094521281236726691e-04,-4.667340380180262996e-03,-3.727619943429597016e-02,1.708332658306235124e-02,3.284830909071990990e-02,-2.621222673467614797e-02,-5.632640860532701216e-02
4.776594006604176733e-03,8.548259043158909498e-03,-1.241419197476151780e-02,2.814675738593334225e-02,-2.899309894047335731e-02,1.009297594389710513e-02,-1.644160691579526698e-02,3.629307214181204388e-02,-1.398233161644600250e-02,2.575524228624176751e-02
3.884368959346943401e-02,4.778085608438437104e-02,-4.174498541388993976e-03,4.919830809680355785e-03,2.635346163512565162e-02,3.951857848354622255e-03,-6.155035501794601203e-03,1.905877025544852957e-02,3.737670238997508471e-02,3.405295409431057657e-02
4.300417578378783190e-02,-2.396355227032260019e-02,4.007263235462752565e-02,1.751153986422236686e-02,-1.688416363981942725e-02,-3.741426896794945028e-02,8.626546727055012243e-03,-1.303609451077632903e-02,1.104603634070539138e-02,-1.925042999141408223e-02
-3.221016308104891149e-03,3.718343277061186836e-02,4.340845053266653535e-03,2.503212962933528372e-03,2.961082837663672881e-04,-7.669877569748185554e-03,-2.054823119640174917e-02,4.367373540461205045e-02,-1.375210726640486297e-02,-3.070630641582489453e-02
-3.011191216165675158e-02,1.139546242510642952e-02,3.289726943487491888e-03,4.734315398875117015e-02,9.940109792389229676e-03,2.229988354241028287e-02,2.965121345607114184e-02,5.279283768692840523e-02,-5.077658556898211745e-02,7.412245676103685656e-03
1.764256722074840356e-02,7.465551785357132583e-03,6.727642766845572109e-02,2.466906225341476688e-02,3.169876624470676502e-02,-1.648336546351100024e-02,5.391553461508089701e-02,1.184307148484676532e-02,1.608057763553569219e-02,-7.679029717533767188e-03
-1.272759427379364580e-02,-1.424300955209017831e-02,1.195376316659227563e-02,-4.537594722046705414e-02,2.417497713271674065e-02,-6.830273497017747691e-03,4.611652035748957379e-02,-5.786578041930510834e-03,-2.264830247744818725e-02,-1.743549112550520780e-02
-5.833274214549377668e-02,-6.871501656594369498e-03,-1.694461797745205195e-02,-5.075377448148925968e-02,-9.743404716474050875e-02,-3.329639526586917336e-02,1.596651754169201368e-02,-1.853690341226967324e-03,-6.924068808422435828e-02,-7.003294772025812909e-02
-7.253298501468387338e-02,-1.737706795735797713e-02,-3.140901746116482596e-02,7.686307314940155067e-02,-4.191202405934565944e-02,4.727435510058088097e-03,-2.704716497673816111e-02,1.956226061333505748e-04,3.377398868561040570e-03,1.100713578215936801e-02
-1.050605719226433647e-03,3.124308517225285811e-02,1.679797672014345447e-02,-5.092933117372687966e-03,3.708892286403973892e-02,3.364342494327775962e-02,-1.409992099454982113e-02,5.550269802273689185e-02,1.352249356227609202e-02,4.421316887720558308e-02
1.550188635726928825e-02,-2.185204376886482405e-02,1.301945810292017350e-02,5.079671848203654028e-03,7.010115798997873515e-02,5.400712837035752389e-02,1.264007010467404872e-02,-1.202001628907832347e-02,4.204134506287767609e-02,1.592021766463297058e-02
2.172284176314927522e-03,6.134602144100700233e-02,3.685917601863259591e-02,1.531269571316726773e-02,7.659793585105265264e-03,2.836625000616995601e-02,3.213907042289769478e-02,3.919699965813511905e-02,8.938084026514733771e-03,-1.400322088621466787e-02
-3.556837371523952074e-02,-1.947736441950090325e-02,1.110857919505681482e-02,1.835168872149477506e-02,-4.880633313079181523e-02,-2.135058651294733170e-02,3.015349185445943825e-02,-1.262496712918189344e-02,-1.822237850946109138e-03,1.119657414557862288e-02
8.932897376014381496e-03,-5.389797703806516183e-02,-4.222820177876899367e-03,-6.877590754970128346e-03,-3.437784219020841719e-02,1.935242317294860737e-02,8.263044067401971796e-03,-2.130936255937398993e-02,-1.088997515036774222e-02,-6.552458399565390910e-03
2.318622418090964671e-02,-1.892320121805848463e-03,3.684614526352748137e-02,3.672101796961152465e-02,-6.743131266896319580e-03,1.589036651583344839e-02,5.047783959585268147e-03,1.740244892088684339e-02,4.436875838307360875e-03,4.533612547678296523e-02
-5.803624739080796152e-02,-4.629919480457523467e-02,-4.263096718624237447e-03,-1.915104218457333758e-03,9.712494507146110165e-03,-4.633917821164271872e-04,1.468866794490607079e-02,-3.071836612404676287e-02,-6.857408022860582431e-02,-4.629775557318091886e-03
6.402349719107896381e-03,3.783896987758614966e-02,2.904633932969456571e-04,3.796584886865525012e-03,1.342846059511905096e-02,-2.278946371127654399e-02,-1.757533049432300626e-02,4.821016711196991766e-02,3.260664580324552919e-02,2.197074908766884563e-02
7.586435995475693944e-03,2.180856872935375834e-02,2.691764898728485345e-02,3.630305079085950799e-03,-1.393958779120889335e-02,-3.128999767613185184e-02,-9.204266455756959092e-03,2.610861417817777683e-03,2.324458169091247681e-03,-3.611207701977744121e-04
-1.865140633037907711e-02,-1.048573917563918809e-02,-5.124596461544957994e-03,5.189167727954521747e-02,1.166183885210882003e-02,-8.274192675666747904e-03,2.349492251598068668e-02,2.717233126990458835e-03,-3.056541755783814818e-02,-2.472841242177283017e-02
3.018246852667295574e-02,1.036259121255220239e-02,-2.492525792765628787e-02,3.564619847313619388e-02,1.129886641562153661e-02,4.151973594490426279e-03,-1.017110594695985488e-03,-2.556342454843359493e-02,5.197417360864940716e-02,3.021738480389451337e-02
-3.240998575389747709e-03,-1.701631143588748854e-02,-3.890462742556512893e-02,1.942658969244566089e-02,-2.316959309618600929e-02,-2.028884179832576157e-02,3.024403750160857204e-02,-4.285119945543142822e-02,-1.570261735759656552e-02,-1.320192272230976023e-02
-5.005538360267913767e-02,1.938452602670127228e-02,-5.247207754495362281e-03,1.396728009852996229e-02,-1.580965173005435820e-02,2.418664305011206800e-02,-2.801529003325365502e-02,1.623447424327058991e-02,9.212401969234243482e-03,1.506114411467362850e-02
2.742583077167224173e-02,1.609994090101346531e-02,1.346789043570905016e-02,-3.527172061749358351e-02,-5.128604892466395032e-02,-1.996585049657930572e-02,-7.982991395635203463e-03,2.946773364702876593e-03,-2.028471603502301091e-03,-4.113178856504058623e-02
-2.863493846998135806e-02,8.539719423013377234e-03,-3.700138637576109307e-02,-8.143634008331955207e-03,-2.682579025726854541e-02,-2.232497071984174825e-02,-6.340243524316860509e-03,-3.847287535708651673e-02,1.376562614073288844e-02,-2.530557129845906542e-02
1.890567395512670473e-02,1.568913690615252737e-02,-2.922277632689816371e-02,-2.968163017053151650e-02,-5.644717847515356123e-03,-1.056047870773179145e-02,-4.565708027529113283e-02,3.926837481976561128e-02,-3.461912940062742555e-02,-4.608341554046185146e-02
5.040735161779764939e-02,-1.638036339898576652e-02,-1.293041605185189964e-02,-4.283936109783262336e-02,4.240521592850108115e-03,5.653477479197642139e-03,-5.475369242184753571e-02,-1.754428640635294703e-02,2.826975644549540104e-02,-2.430390422966897251e-02
-3.075170736895775289e-02,9.527952803600097179e-03,8.471688977600191559e-03,-3.165368619530511962e-02,1.706847145394449830e-02,6.120647805539907241e-03,-9.243909352391485590e-03,-9.608997914759349196e-03,-4.649171450764479074e-02,1.275064452699370236e-02
-3.338418524473689419e-02,-1.611858416830930750e-03,-7.122779919958884334e-03,5.355914055047972938e-02,-7.958063677261238700e-02,-7.263928871475500149e-02,1.816598496012982247e-02,-4.373869345882969682e-03,-1.958386925944738399e-02,-3.832657086675473473e-02
4.233454365702524896e-02,-2.706162109601781968e-02,4.716722454691847644e-02,1.783843769262452583e-02,2.376549670025473668e-02,3.754067924604292950e-02,2.331081642674125501e-02,5.831358183980389111e-03,9.898691065537257305e-03,2.884334784780026237e-02
-1.773184985700381952e-02,2.772587154068953744e-03,-3.025003326078957999e-02,1.835573614060835579e-02,-6.381418055669902528e-03,5.758995378974079808e-03,4.756774822979645441e-03,3.439368937315458175e-02,-2.575551528963190839e-02,1.979237193192352751e-02
4.276507770152235960e-03,2.774763416745877620e-02,-7.724546965481286602e-03,-1.748424882652190038e-02,1.407386820322464871e-02,-2.981927973460220607e-02,-3.529703338081979086e-02,-1.553343880241537384e-02,4.076822005950415245e-02,-1.414859355890651059e-02
2.242137316753888346e-02,9.024876320581597111e-03,-2.217096362948593399e-02,1.737399289988233661e-02,5.064044296584208765e-02,3.079485372176013133e-02,-2.437243583141944503e-02,-2.926272075595048503e-04,1.746474502388742356e-02,-2.794159212952932944e-02
3.823729348131256565e-03,1.368056534316793808e-03,4.307951474101838485e-02,1.071973065092273261e-02,-2.093409353626244848e-02,-1.155275373293307602e-02,8.056843963615098470e-03,4.515069094657220283e-02,-1.939287792141142566e-02,-8.350275646482895747e-03
1.662369575282915748e-02,1.228181959399956592e-02,4.128810974113718973e-02,-6.324645142169882384e-02,-1.487160762998391769e-02,-4.834654866226171382e-03,1.462579514279125498e-02,1.021098331065002987e-02,4.828376942339204780e-02,-2.620708069047309255e-02
-1.206846623034980165e-02,-2.360187987630150974e-03,1.505227123923996192e-02,7.550019842753015464e-02,3.101372375350953253e-02,1.207644785964093886e-01,2.298323110729854658e-03,7.402833196027216317e-03,-3.237487226691951325e-02,9.306661856911481456e-02
3.265215446729463622e-02,3.709109254268262712e-02,8.536597871157067252e-02,1.636101253579744924e-02,3.574415716662125014e-02,6.968452733553712544e-03,7.474092440249107024e-03,5.394453145742035549e-02,4.511108976125553088e-02,-3.587841821881663368e-02
-1.468353814223376415e-02,3.229942021599020024e-02,-3.161514238345055489e-02,-1.428614049359192527e-02,-5.482271733408114120e-03,-3.769573074370157623e-02,-5.117685148620703534e-02,2.584591205755967444e-02,3.849869106544067852e-04,-3.421328251845490859e-02
-9.860716241017950662e-03,4.503238532113129633e-02,3.094162281291404706e-02,3.368982446832468475e-02,-7.811112795744408997e-03,-7.481645364817473415e-03,-8.423248339314971453e-03,-2.077202922035328077e-03,-1.914499855552852930e-02,3.594312156581420253e-02
-3.439532375995979496e-02,1.882784390500701066e-02,-1.253924735060448457e-02,-4.253823648466935337e-02,-2.631701303852145013e-02,-7.383446849464585238e-02,-6.038917819872249501e-03,5.044497427390854695e-03,-1.996495447136731674e-02,-4.914979408558090013e-02
5.119642001043355622e-02,-1.056899040324979153e-02,-9.468481831795588083e-03,-3.170975581479112959e-02,3.956047032505274896e-02,3.909449864781538303e-02,3.387874456678315049e-02,1.206351667554766798e-02,-2.706843369124836002e-02,-2.637333391254990944e-02
-6.494519856948917369e-02,-1.141695290878627297e-02,2.007837180738171814e-02,2.886335044544951784e-03,-1.850790435197573539e-02,-1.413647953549233144e-02,1.705677029676252315e-02,9.664310926591203679e-03,-5.871197219066392331e-02,-2.366798757821593491e-02
-3.159456691436485914e-02,-2.618935199774227729e-02,-4.479790794375804186e-02,-5.158578391749001762e-03,-2.147608295354270190e-03,-4.477532326266635276e-02,-5.715891156959431590e-02,-6.461487701513847492e-02,-3.869297032425412369e-02,-2.888717068722756326e-02
-3.917386237866280624e-02,8.216450043237161216e-02,4.165736277370309798e-02,3.953436209211719406e-04,9.473502352712567451e-03,-1.243247542069263190e-02,5.211063194810697935e-02,4.217481136228701938e-02,-1.707499568859379563e-02,-6.748792561787886161e-03
1.342104711286544808e-02,6.686314093311951368e-02,3.103942869718049474e-03,1.527851779605071160e-02,1.429505278257519468e-02,2.570639662392198987e-02,3.768068845342824325e-02,6.668871705614595746e-02,-5.327600360415895957e-03,1.698616055709577244e-02
-3.325737852735113215e-02,1.763622392300822142e-02,-8.598058227622900132e-03,5.959130808891634906e-02,-5.180414509187622127e-03,5.382091467556988224e-03,4.717648594179403576e-02,1.884364697030446734e-02,7.457192747360106601e-03,7.770882796837707586e-03
-2.523314234060755265e-02,2.003678481695845073e-02,-1.790077891440300644e-03,-4.799126795720714406e-02,-3.805927561539240028e-02,-2.927608435173197424e-02,-2.020174482962655213e-02,1.447358619479788278e-02,-9.055840115547138594e-03,-1.897357987361888293e-02
2.020235227411223099e-03,1.111182774521512866e-02,-4.368729004920128556e-03,2.800961667060800943e-03,1.811170488723506597e-02,4.643890344112605595e-02,9.486111831234406155e-03,2.111710051826861181e-02,-5.151054041407190573e-03,3.071310381995958141e-02
-2.052542042327247171e-02,-3.279162130663829111e-02,-3.126976376372345677e-03,-3.332886611418786615e-02,-1.109414673230204110e-02,9.393668492116809959e-03,3.087018314866783394e-02,9.821575852080564883e-03,-1.153521950311770308e-02,-5.109691403352127625e-02
-2.165203799254424716e-02,-4.321336652871403394e-02,2.431809520522238213e-02,-2.567316534864418770e-02,-4.391062641400259037e-02,2.079775035248363629e-02,1.386890229760611793e-03,-2.123953701707782804e-02,-1.547206504001786762e-02,-1.478790851675133638e-03
5.577393725796583879e-02,1.329961452146712596e-02,-3.930172534416142421e-02,1.159917963730110364e-02,5.478656699940474828e-02,-1.261480130846748433e-02,-4.132210065691697271e-02,3.466315970073532982e-02,2.648753107077562660e-02,4.171564659843939038e-02
1.895973202569011321e-02,7.521947179779558609e-03,-3.240723855517419622e-02,7.417105455054518598e-03,-1.497118238194942823e-02,-3.532178780388384176e-02,-6.466065647664772731e-04,-4.686050417782941513e-02,-7.762711763437723893e-03,-1.548725679053727239e-02
3.407081922529582585e-02,3.462389643446788651e-02,-3.315637820000483238e-02,4.913532158369200709e-02,4.055589988269636681e-02,6.613763907215888804e-02,-2.596911176340536281e-02,1.558611198569380234e-02,6.735371528153073772e-02,1.299662192998083353e-02
4.007188877685375489e-02,-3.047620614921359855e-02,6.432319211712557439e-02,3.099819441401546402e-02,2.678460674321850310e-02,3.754445920059833186e-02,1.003692625177866338e-01,-1.616880641919342734e-02,3.221067328717676370e-02,4.342901613136417732e-02
-4.605739114534005557e-02,1.401011782447813409e-02,1.011523258614378633e-02,3.068664750358779392e-02,-2.363906985443720021e-02,-4.062144662394987123e-03,-1.332967119133874993e-02,1.816807844461063026e-02,4.790526455731503042e-02,-3.614863935332465056e-02
-5.716909456333948286e-02,-3.979914752208242590e-02,-5.610646740979274155e-02,-1.472893261672670803e-02,-2.791282405006476758e-02,-1.705671372682329018e-02,-3.493551248309140211e-02,-9.558751442540494581e-02,-5.753831955503316969e-02,-7.144878154966864681e-02
-2.140668617610737984e-02,4.936482021453174156e-03,-1.250635668565720261e-02,-3.541033275884878512e-02,-5.293874640067362802e-02,-9.022832736609406878e-02,-4.040156446735513641e-03,1.428710889435690773e-02,-4.650983199864879881e-03,-4.302954431660600820e-02
2.027213089481373631e-02,5.723176076062840012e-03,-3.531567538720872812e-03,6.402216685230892323e-02,-1.507634263739297126e-02,-3.765394373134913625e-02,-8.009725105724112282e-04,1.475398399307666607e-02,-1.289694747551635955e-02,5.047306199282929756e-02
-3.480424301632479428e-02,1.820440660288241350e-02,2.228334131332992268e-02,4.670444976679048732e-02,2.315520588519563543e-03,2.203471332538568112e-02,-1.880594025402407971e-02,1.376943847008557653e-02,-2.432484031040307165e-02,4.640826892226205397e-02
-4.025626619574201003e-03,2.920250699744059500e-02,6.247929802036101751e-03,-4.989782166731896590e-02,7.116483086732304508e-02,-3.694468214878142854e-03,-4.971897760655100140e-02,1.319175202263397732e-02,6.707168037970857692e-03,-5.328462385938427005e-03
2.713266902691627378e-03,-5.223889421253931353e-02,2.264836713293987350e-02,-9.124803817303257097e-03,-2.275493563187552110e-02,-5.610965238487264643e-05,1.088124881658206200e-02,-2.672958007540165992e-02,1.954404916333011416e-02,-4.358591047716339978e-04
-3.748166963907569732e-02,-2.010181067102344635e-02,-7.216615619645257856e-03,-4.855482523001993650e-02,-3.413825362644413303e-02,-3.786134367017934127e-02,-4.586228165479978164e-02,-2.755409034003176300e-02,-2.478669877561802057e-02,1.406334144064357375e-02
1.070581344358626820e-02,5.284955081405893346e-02,7.415486036585632046e-02,-3.875166735434515397e-02,-2.682224124226046877e-02,-4.891406437181309436e-02,1.385804345027975490e-02,3.936191916980474187e-02,3.525557890973935599e-02,-4.179833603383441287e-02
-2.457231294282628039e-04,4.041293500398591976e-02,5.339056526206946429e-02,-6.830140376453977535e-03,1.277763229464942002e-02,1.209911548064325189e-03,2.521216380628614126e-02,4.886050535777039516e-02,-7.525010296357142331e-03,4.730698067984789174e-02
2.329046303984739705e-02,-3.941025292812642272e-02,3.088948341346756110e-02,-1.444753919041806382e-02,-5.013152976230130474e-03,1.236645976070114769e-02,1.918255713486421640e-02,-4.174452652647332729e-02,1.178745591297562052e-03,3.278216279559270641e-02
1.196069304537198015e-02,3.642300190841094021e-02,2.026646016900411282e-02,-2.861887135491142722e-02,1.954250737141971853e-02,-3.241294197992056897e-02,-1.823822152887933160e-02,-6.618732827720530572e-03,3.267978454575606873e-02,-1.014206558563353518e-02
1.392062524921011506e-02,4.392232281815437039e-02,-8.896878744803947891e-04,1.378884917935206331e-02,-2.487944237959374347e-02,-1.497216520781906139e-02,-2.702938974264384314e-02,6.779704655589410822e-02,3.498167467926044383e-02,-5.335154641212610724e-03
-1.727470866066655288e-04,1.897696886530649604e-03,-3.951122799264535079e-02,1.390121272652194463e-03,3.397374224249369301e-02,-1.021322969873707243e-02,-7.706620946379893686e-03,7.071469771705390928e-03,3.827359138085944818e-03,-2.719573303415154589e-02
9.219725469496599379e-03,7.123017957796276903e-03,-7.073805456783703594e-03,4.095288977171746697e-02,1.287266482643998830e-02,-8.465372358535437972e-03,4.119257031503793104e-02,-8.399481778329392564e-03,-4.017777472249287052e-02,1.746550519366131884e-02
-4.331485620908641365e-02,-9.279663239710366635e-03,-3.395605662232347582e-02,1.707521541839026810e-02,-4.149030293376026329e-02,-3.669975435556756260e-02,2.705473934866942098e-02,-3.501994252702857885e-02,-1.230126707837338011e-02,3.409318667614134185e-02
3.284599353098935533e-03,-2.841236558751058378e-02,4.012447694882696758e-02,-3.467825326553936049e-02,-3.695485016330568584e-02,-6.433485303929609156e-02,7.030842666765982352e-02,2.117990481916378915e-03,1.860377963872909129e-02,1.074107152891271184e-02
6.639079692646576714e-02,-2.618598517549475951e-02,-1.741516697426090214e-04,4.828042484272928453e-02,2.050505675701495487e-02,2.946735201938517276e-02,-5.121349637831472401e-02,-2.223922446350576690e-02,6.223671191176077117e-02,6.570351227467194355e-02
4.879691219622869086e-02,-4.513413548134774522e-03,4.931800420282603931e-02,-1.937438109816953368e-03,1.373408423998986536e-02,4.535452760026912646e-04,-6.142178756560512029e-03,-1.864007292054370435e-02,3.495811995907188025e-02,-5.222148968162911194e-03
2.735909319951068328e-02,4.296903899975290653e-02,3.498734789688594249e-02,2.046285653038261432e-02,2.336288063565317846e-02,4.181002660708808827e-02,-1.102880215511273070e-02,4.187506901583577107e-02,4.741273163892979758e-02,2.741279953868231908e-02
-9.460488666843111516e-03,-2.762587172114611828e-02,-5.526683519836689262e-02,3.319844633636451214e-02,2.287713432983800449e-02,1.696269348784301342e-02,8.978471871438797880e-03,-4.370972385916466890e-02,2.200327564142991882e-02,5.743356977571297678e-02
3.507776724549223346e-02,3.185726990351475576e-03,-3.653112944334381551e-03,2.107415099650886570e-03,-5.529367269288707962e-03,6.472121300801539877e-03,-4.440044938881419767e-02,4.498593795825000380e-02,5.295289849354954670e-02,2.348028258292148354e-02
-9.201995079020608773e-03,3.584220679203461101e-04,-8.566527012764169058e-02,-4.984884391944461451e-02,-4.325281796704621290e-02,-2.089491994741169562e-02,-5.068628138168518316e-02,4.003187586173182107e-03,-4.340062993477991626e-02,6.642562344056651517e-03
-1.178328912486925270e-02,-2.412473213825360677e-03,3.998704291901090946e-02,6.750200252594375575e-03,-2.260281048124238024e-02,-1.341400026123920619e-02,2.560398945645508961e-02,2.508905979930750943e-02,-6.047910817816585377e-03,1.069143393910451136e-02
-1.778392878230692850e-02,-3.524006622768201952e-02,-6.343610105900699195e-03,-1.413887560631833795e-02,2.773398379234698168e-03,-1.362019111093804198e-02,2.665381538276226370e-02,-2.275146351540901016e-02,4.653729783902917192e-04,1.274086999065547968e-03
-3.133919248296167248e-02,-1.183826331391195016e-02,-5.817559297485958708e-02,-3.366580898615859074e-02,-6.604727930217278720e-02,-8.082931172154254884e-02,-3.401182171447735686e-02,-2.033743993381697049e-02,1.924421695322556941e-02,-4.657961080888233657e-02
-8.875492603987002183e-02,-4.119143241814138962e-02,-4.802387442721356946e-03,-1.940468592799791947e-02,-2.633192333060685453e-02,-9.126295462085518700e-03,-1.316774128209909599e-02,-1.260533585965607772e-02,-2.451848061107766638e-02,-1.288749363869422238e-02
-2.408211994893141861e-02,-3.174732973845426770e-02,1.828540837552646622e-03,1.499425832480051624e-02,1.301900342788848627e-02,-4.752636983897676193e-02,-2.767862041296210648e-02,2.006485249688604380e-02,-4.240631072939757273e-02,-1.565091398531724687e-02
-1.681035966321189901e-02,-5.251656902874512339e-02,3.191351764416935910e-02,1.875834983809408427e-02,6.786140022838086858e-03,-1.291433220126838796e-02,1.837402102593089018e-02,-5.678591629315518641e-02,-4.220557743845380905e-03,1.806805829063212743e-02
7.905800463715802889e-03,4.642876443522030161e-02,-1.113079688185014161e-02,-3.029940462077332017e-02,4.240956274354309996e-02,2.104622526073371067e-02,-2.514749087887195068e-03,1.675442420745364494e-02,1.756877274052138019e-02,3.583617991251993734e-02
2.434922629653578016e-02,1.050556789198366786e-02,-3.737830731441742823e-03,5.575237089039066949e-04,-2.268592771264471911e-02,-5.992144264614890359e-03,-7.353538746110454410e-03,-1.669796449542863825e-02,9.634602776761281087e-03,-4.100725510904566079e-02
-5.985233647134328983e-02,1.434972332635059585e-02,3.316413322955059657e-03,-2.951299430626233913e-02,2.273441900201552193e-02,1.433447239413281928e-02,-1.764339991503340033e-02,-4.604388794669631718e-02,3.607617682992238315e-03,-9.519815279825125792e-03
1.627067481665005547e-02,2.131805724747185687e-02,2.980307933033476270e-02,-1.078565360610391627e-02,-4.366844405524134692e-02,-1.359365927594465180e-02,3.455108718798190377e-03,3.300075358379354201e-02,3.809773054311926810e-02,3.186210850420254266e-03
-4.214600895381680895e-02,-4.456896852591269408e-03,1.757188566810118091e-02,-3.018566171434882914e-02,-1.582179313256535042e-03,7.495621954963766972e-03,5.683823618063255090e-02,2.942678280778912581e-02,-7.784995455271259343e-03,-1.830495719690375389e-02
2.701517308743816084e-02,9.841902024722165576e-02,4.457405182735980909e-02,7.277570265067249966e-03,-3.264274078897708153e-02,2.349878121568029204e-03,3.763801986949001643e-02,5.533447294932224841e-02,3.957116874595701522e-02,4.816992284752825287e-02
-1.998828923946011082e-02,6.677140980060378150e-03,2.894131850336497183e-02,-1.561706312717290636e-02,2.416686248771010223e-02,-4.852683823188571992e-03,5.365995846677821396e-02,4.457560514832806242e-02,-3.358281412039623715e-02,2.285524908549329756e-02
1.722549866704996616e-02,6.171783204264901651e-02,1.462023456027266308e-03,-2.410128138897890335e-02,1.856318823820416603e-02,-9.345826093329987622e-03,-9.108416641381660277e-05,4.235690805465243403e-02,8.760264262525688933e-03,-2.134664211522564053e-02
6.704328371392286046e-02,-2.224110856034781231e-02,1.325298829841252586e-02,-2.362466422079008421e-02,5.709764977778208211e-02,3.368412406806256532e-02,-1.151926936754505207e-02,-1.764222762016048321e-03,-2.287078481655422865e-02,2.716632686003647625e-03
-1.839267274714295394e-02,8.659133171850340663e-03,-1.246031020822959030e-02,-1.209209927909510318e-02,-2.158153889187203796e-03,3.564601337763056293e-02,-5.402934419925348696e-03,-1.607937334306118633e-03,2.462359820222363369e-02,1.630068092838585919e-02
-3.896268478981955441e-02,8.841278601492186945e-03,-3.799459269898775027e-03,-4.421596295801846072e-02,-7.467545178689495577e-02,-2.944508311371174178e-02,-2.703706633920230362e-02,-1.748612854075130580e-03,-2.386071304411698651e-02,-5.717330423918142585e-02
6.018401052555558822e-02,-7.042254148537137846e-03,-2.704075248584772440e-02,5.812638571477725564e-03,7.245733155307074180e-02,7.360411077634181065e-02,-1.679761498797602975e-02,-2.118432766018846919e-02,2.755883547891299634e-02,1.910200629156451682e-02
-3.757832821795139416e-02,1.714760655551088309e-02,-2.150672957943754876e-02,2.983287590224543984e-02,1.644960161941068019e-02,4.789273802119820705e-02,5.239438343091698536e-02,-1.466310747901991172e-03,-4.763696049771004581e-02,4.682801713519133685e-02
1.790826097078083642e-02,-3.000795155142564272e-02,-1.066331238832881993e-02,-7.871869630429134332e-03,-2.293568393753818088e-02,1.781268805675636710e-02,9.112950114091273137e-05,-2.040813568383542317e-02,-9.526075114237121449e-04,2.198120915437518780e-02
7.560779868909866044e-03,5.320424619135178702e-03,5.713178356295766508e-02,5.403465371610036150e-02,3.505343861343952067e-02,2.130301180205042971e-02,3.661642636431833991e-02,6.125419989643943186e-03,-2.776417218812577206e-02,-1.227830381282750405e-02
6.841019574967952856e-03,5.787092158499052702e-02,2.232749774774376098e-02,-3.727948803744926543e-02,-2.298921859506697016e-02,4.697655352248144081e-03,2.063525666175596018e-02,1.613648449334590534e-02,-7.445473025036785340e-03,4.124812719800570980e-03
1.130431522953163079e-03,5.398830611014212612e-03,-9.792558458633443541e-03,-1.691342082595730795e-02,6.012456927857139782e-02,7.839743593328270255e-02,1.467563395289350585e-02,8.321601783983030923e-03,7.079028440864857871e-03,3.545901342817038560e-02
-1.138868677759316203e-02,-1.089960257109618032e-02,-4.274689766912960487e-02,-1.073939807570143193e-02,4.996691672338045981e-02,2.310197519598600896e-02,-1.812295040465308066e-02,-3.360451776438976024e-02,-3.609788266821654934e-02,4.725434858478853167e-02
-5.821725486596407081e-03,-2.001309345017722105e-02,1.464387580869021786e-02,6.079803049732148551e-02,4.027138592283540340e-03,-2.901116656216343875e-03,2.051563225142613231e-02,-2.017494449134514881e-02,-3.695619053808271715e-02,5.179797369397347306e-02
-9.362249884802482588e-03,1.236793439507889031e-02,-6.919378764846282129e-03,1.404609288773268905e-02,-4.461083127159473291e-03,3.837091835412457380e-02,-1.641633534836962893e-02,2.678209036896967658e-03,2.074163220947548847e-03,3.498713675974674669e-02
-3.206368072152472604e-03,7.264401450393892512e-03,-3.159697657144066533e-03,-1.287640151845332150e-03,-1.694449721787914462e-02,-3.244066789225735076e-02,-1.825840963971670991e-02,1.229478778819392999e-02,-1.949930545500603088e-02,-2.448961049095991355e-02
-6.713631996163663129e-02,-3.225972596357722100e-02,7.023343101362720768e-03,1.013294076631277713e-02,-7.123147657500711327e-02,-2.136758222003823718e-02,2.252310492990233434e-02,-1.737196728090964135e-02,-5.270963647238698091e-02,-9.934396364440739591e-03
4.746805529763781922e-02,6.044654301423348303e-04,2.026742151101666375e-02,-1.938283509571275820e-02,5.316542462940450353e-03,-1.533025720907224207e-02,1.093187321461382665e-02,9.846449090440551055e-03,4.062293375800131272e-03,-7.402597125467886424e-03
-3.422046800827015928e-02,2.413275290391352773e-02,1.490220836029722100e-02,-4.082369463471811032e-03,-7.444938499814104937e-03,-1.755334135246267371e-02,-2.804081012758093822e-02,1.832675456226248029e-02,-2.448974252725487355e-02,-2.425643314493875630e-02
5.145715606421007865e-02,1.146932945647918464e-02,-2.609437271003211406e-02,-2.719529698097741463e-02,-8.796914785869859935e-03,4.379417495406981095e-03,2.799038176711516474e-02,2.579711356321210975e-03,7.421979964445579725e-02,-3.961160825607954600e-02
2.458257932077509075e-02,6.623133877054789703e-03,3.004775906284515991e-02,-2.343628846730176629e-02,1.080504691663795695e-02,7.100060873632188345e-03,-6.091960486047349500e-03,-3.122040609890168114e-02,4.186944907261386933e-02,-2.463088455766958978e-02
2.484407781823079128e-02,2.186792919847546299e-02,2.014636999317343663e-02,5.910687960048721656e-02,4.427231816143120322e-04,3.366409160923457961e-02,2.412135765862332207e-02,2.250608045302370311e-02,-2.401366474523536614e-03,7.007030032568416743e-03
1.753135664092995982e-02,1.480358291803471685e-02,-3.493942327113369606e-02,5.581785063885504744e-02,3.934838306504740563e-02,4.922683580520956226e-02,-5.770571679176012686e-03,-1.749123230954327882e-02,2.643389679629507341e-02,8.658742141650230262e-02
1.955772579412322701e-02,4.334567029592031190e-03,2.956821108256136449e-02,-1.844638636477801200e-02,2.917488895792616152e-02,5.068519078973153166e-03,2.401445541471748310e-02,4.405229787517962736e-02,1.324408000270714016e-02,9.259916166646097943e-03
-3.202288778128125485e-02,-1.262989022448318677e-02,-6.270177459467864405e-04,1.845436994510491271e-02,2.449436540500415926e-02,4.395054395188147112e-02,2.424412588748548272e-02,1.753518381036785201e-02,-1.781641538969065339e-02,3.951164947410810285e-02
-4.525856066930090960e-02,1.150162731547101254e-02,6.055090841982449512e-02,-1.342870599849475301e-02,-1.940872693789230663e-02,-1.139084130262005452e-02,2.265925318647289341e-02,-1.547884728789027282e-02,-2.215428050104130062e-02,-5.111528325826218688e-02
-3.674279618999784069e-03,-1.174308488923080269e-02,2.373899270483691495e-02,-1.469491945448990998e-02,6.180592853573625353e-03,-3.337256612769597466e-03,2.669972191093668984e-02,9.315723991276812083e-03,-8.309786028742128031e-03,-1.728056858899304840e-02
-4.203383914682442407e-02,2.795407970276177906e-02,3.904581771182390887e-02,-4.854946002252549797e-02,-2.053299314605082360e-02,-4.669346270518356413e-03,-2.071329407312703583e-02,8.286379169005700027e-03,2.816639300387466585e-02,-3.226517827418118323e-02
9.784769710517100469e-03,2.106845165665103062e-02,2.108293090056474403e-02,1.704846922772365603e-02,4.700311709227424604e-03,-1.757573771272334662e-02,2.321279203929025106e-02,3.605570862179827141e-02,-2.620456757331660405e-02,-2.924627401583803493e-02
-2.726764632345715644e-02,-1.669435540855726020e-03,1.314115979646766214e-02,1.711268388373786073e-02,-4.923758558073787484e-02,-1.599099526401549440e-02,3.495124088056596797e-03,2.213455017918810469e-02,4.719571065109414917e-03,-6.153865806699693707e-03
-5.979180822221705910e-02,-1.603683499592822859e-02,-6.789869951385343362e-03,3.435208586349201322e-03,-3.583543614360288482e-02,-3.117651510755283309e-02,-1.487449491270005425e-03,-2.843552962536347734e-02,-4.607466429838891903e-02,3.226644913843867285e-02
4.234360006321154918e-02,-1.425989374807498135e-02,1.340183364133790654e-02,1.868153481738693208e-02,4.040641025258063374e-02,4.611356514344446683e-02,3.133658723336500609e-03,-4.730595694184606373e-04,4.936487668046420085e-02,6.963834713953666322e-02
1.009565058351381481e-02,2.040678806366305956e-02,-3.695837016899466282e-02,-3.868504122949308326e-03,-2.544809375750073724e-02,1.884605055268293722e-02,-6.836675618789147917e-03,-3.491796209918822478e-03,2.769752318876473121e-02,3.430895605993000697e-02
4.256005711880835735e-02,8.584108305997860747e-03,-2.120758765003121545e-03,-4.017325066986605214e-02,3.955102115601452639e-02,2.064778759443122724e-02,2.245045547018149207e-02,-2.618462895635362969e-02,1.837074786460721199e-02,2.446554776900757011e-02
1.514151419730769797e-02,-2.915306503458449296e-03,-2.655049852295364790e-02,8.200380775464123639e-03,-7.260822522258482230e-03,7.748839369346002988e-03,-3.690357548239171954e-03,-1.091424901227877955e-02,-2.016832418261167714e-02,-2.656262091134865659e-03
-1.728673129285824075e-02,1.190924275401606183e-02,1.401822217539692994e-02,1.210743340930237576e-02,-2.980314839528327986e-02,-5.457536419282633597e-03,2.391533972250965354e-02,2.118394064257152903e-02,7.237233782805319732e-03,-1.870467179429839699e-02
8.269659358637201918e-03,1.883477359041822730e-02,1.709185651999293662e-02,7.835031169718807047e-04,1.100363160425638261e-02,3.617619949083188124e-02,-3.376560044185852177e-02,-1.167897438965019054e-02,-2.525420944696307388e-02,1.676459332840445765e-02
-6.376930315659496210e-03,7.290999148921274015e-03,-2.579410722853289761e-02,2.411610020242943575e-02,-1.007915689750029514e-02,7.523778420559379398e-02,-8.791503867730591365e-03,-4.764523836014877833e-02,-4.376036241291834938e-02,9.961630824285038627e-03
1.537960824002923901e-02,-2.488166080887952575e-02,7.107776656478084678e-04,-3.523865655071761315e-03,2.188218927320887200e-03,-9.373628684731698593e-03,-3.592229113309312188e-02,-5.185550924505909903e-03,-1.637524579351449031e-02,1.429400647658863634e-02
4.871490647449919220e-02,-9.231464397480629996e-03,6.871278381196150795e-03,3.187841451088910868e-03,-5.646598698085212968e-03,2.414699833773649700e-03,-5.152430105018249683e-03,-2.388204667772184098e-02,1.750228920246449729e-02,2.435581299429478985e-02
2.353620149652188576e-02,6.982172930690057344e-02,-9.438877984001647556e-03,1.152397741644743852e-02,1.488398814461703960e-02,2.602691790320805186e-03,3.350544924250017237e-02,2.194556002929120078e-02,4.121051618500692904e-02,4.285986867282367760e-03
-1.254713330006817888e-02,-8.611431975652622181e-03,4.776051136908519151e-03,-1.290189517904780959e-02,3.924369773122528271e-02,2.149868198980435866e-02,-4.564391897923235353e-02,-1.961467432219985915e-02,-4.171877702803524629e-02,2.518608650261947024e-02
1.354864639834281979e-02,9.103855301271491368e-03,-4.492724493358034310e-02,-3.632590453182866358e-02,-8.294751424372189680e-03,-3.291897914005838949e-02,-1.469332034554422274e-02,-2.518103652879485552e-02,4.625561081881055664e-02,-1.950304266726294103e-02
-8.347979168683296661e-03,-1.440881326299885655e-02,-1.695252782340419748e-02,8.945696005713204375e-04,-3.618135248537276971e-02,-4.238125312388393157e-02,-2.743041022886090041e-03,-2.627079165522272150e-02,1.152375288153417721e-02,-4.013097251519921749e-02
2.051153815709033743e-03,7.795628979593916159e-03,-1.132443777633557018e-02,-2.527897829727002860e-02,-1.954080363763868386e-02,-1.033092789978827357e-02,-3.830189336893899399e-02,-2.098309305480913420e-02,-1.093995226054771119e-02,-2.451129055259233108e-02
-5.960990243737698639e-03,-5.793598857577236284e-03,-6.837376398624114664e-03,-1.652081747960230246e-02,-1.146366700008994398e-02,-3.415023313226785845e-02,-2.037172441792680505e-02,-2.337450849885145190e-02,1.464615875080492804e-02,-1.653612453210921360e-02
-3.062139154658687079e-02,-4.087284928853388705e-02,9.054936595006920011e-03,-3.217767455627330159e-02,-5.556165175920081689e-02,-4.322390588385350597e-03,1.783269803986916799e-02,-2.368448905122842035e-02,-6.668673800963194342e-02,-4.928704138080439168e-02
-1.574481423822050342e-03,-1.645479659327972813e-02,1.414591679513459849e-02,-3.239221691987617408e-03,-1.383124499881411076e-02,2.262072756008786517e-02,2.147459379876674734e-02,7.729393353368900314e-03,-7.671180556132972672e-03,2.028727542791807642e-02
5.520203868466803249e-02,5.417293774072019785e-02,3.012285647503252367e-02,-2.365030790124626747e-02,4.357341913507430803e-02,3.820764317803288651e-02,2.546567906298389736e-02,3.134015547863977513e-02,1.197685137426589622e-02,2.002568123748295695e-02
5.579918076508009334e-02,4.307327565141356313e-02,5.370594280489594113e-02,-5.241138733724683141e-02,2.158660125137330452e-02,1.702739097864430437e-02,-8.138019043566054002e-04,7.550285866372562563e-03,3.149896383677925488e-02,-4.267473529373125990e-02
1.599187535260136739e-03,1.364850830592196675e-02,4.552798514747311009e-02,-6.183854428131910913e-03,1.283165951295698812e-02,-7.319688564859505933e-03,3.788062952561473129e-02,-2.022205448421324214e-02,-8.059706334197959052e-03,4.239529961497077830e-03
3.632223376800451653e-02,1.001897635666706803e-02,-4.885503138167713449e-02,-4.408857595384766195e-03,-7.729949896068727747e-03,-3.680898954141210988e-02,-8.801399619624885803e-03,-1.621395381420776341e-02,3.047415885504878644e-02,2.580811016463994273e-02
-7.182682174179808032e-02,-4.894367152185302022e-02,3.003965903837851892e-02,2.065045568580319707e-02,-1.219837900911477238e-03,-3.271128376749152591e-03,5.574204865023769766e-03,-3.670882061179465972e-02,-3.432328531535156629e-02,3.372273696148820471e-02
7.767352498965550411e-02,2.653539705777036711e-02,-1.347445721689828797e-02,5.383134569644575790e-02,2.416905352819613551e-02,4.584863355887782571e-02,-8.779364784176468817e-02,-4.767479470503939443e-02,7.146415762634135416e-02,2.045030592516702481e-02
4.843356715626518164e-03,3.112774589519805638e-02,-5.105246910976943275e-02,1.024107624896630417e-02,2.120264843854438933e-02,-3.512692289348581538e-03,-8.587887375065170973e-04,1.909491632144874607e-02,4.700355599854238314e-02,7.863146869917842299e-03
-2.070856728374403585e-02,-1.834320318596692175e-03,-4.612807689320316817e-02,2.316354811767749877e-02,-1.395023672256270539e-02,-1.797231420181277404e-04,1.774670890505246259e-03,-1.895032993867065349e-02,-2.048472311907922547e-02,2.636705316159018708e-02
7.889763265783701629e-03,-2.783553221447992651e-02,1.871513058219414008e-02,-1.167831118176058253e-02,5.758162646617611714e-03,-1.233741947827822743e-03,-2.803718822952576493e-03,1.548103011901899931e-02,3.040327388096236705e-02,9.362621193677358664e-03
-1.876558856772435335e-02,1.130552745408557741e-02,-1.059744561533056476e-02,2.394455777252980228e-02,-3.147800963813612157e-02,2.548589740862084330e-03,-5.464795692569981121e-03,1.197580422402300809e-03,-5.623059031854538148e-02,-2.574879147140772193e-03
6.326100793746022855e-02,6.883762249712904735e-02,2.785983287960984087e-02,3.035081489216913397e-02,2.942894136904004171e-02,2.398420396894629728e-02,5.301830940099078182e-02,2.900407994560876002e-02,3.272667940594687491e-02,1.114400566315934538e-02
9.971964473190098044e-03,-1.125204067390649446e-02,7.379250269413162311e-02,8.495661654957896783e-03,8.553505835719680400e-03,-1.149723906035560878e-02,-8.834388995162019073e-03,4.155368367404117802e-02,-2.097625933207660637e-02,1.426133210166051490e-02
-1.849904283526717166e-02,2.233896694710412259e-02,3.280303314183060509e-02,1.739008444438842893e-02,-8.772704018679274365e-03,-5.208803127759915191e-03,8.435708681383533025e-03,2.734292362487767900e-02,-1.558730576884304574e-02,1.901044599708272276e-02
6.565989839002379664e-04,-4.926429277414120372e-02,1.237877000510414702e-02,3.093763324362812893e-03,-5.790014158638336420e-03,-1.123352948163762119e-02,1.427956171885292995e-02,-2.729964763014768730e-02,-4.013759879576188350e-02,2.237451115120336897e-02
1.252001726891355075e-02,1.257886872125578599e-02,8.259000805949637605e-03,-4.795393755304267272e-03,5.827147949718668868e-02,5.119192011330238323e-02,-7.573486957455477682e-03,1.440532988820781776e-02,7.093277157154589951e-02,2.081790489762009796e-02
4.391019341142019666e-02,4.624249564347607255e-02,-1.773367425427926480e-03,1.507202593456059489e-02,3.970972178198300256e-02,1.500740771076474432e-02,7.727972570331463750e-04,8.503917298867257057e-03,1.961621580216274877e-02,8.004117094057001600e-03
-1.325824106329300846e-02,-3.501942458334571934e-02,-4.892562730717384817e-02,1.626947705088497426e-02,-2.887533440562566056e-02,-2.015451957049093842e-02,1.647680983257734585e-02,-5.068243962378558842e-02,-1.465392867887801986e-02,3.978707450272492632e-03
9.282360247356340188e-03,-1.225054988905988941e-02,2.361067700401245362e-02,-2.499063775054561135e-02,-6.716811672312395474e-03,9.265528906211691063e-03,3.390684049090954971e-02,8.074565600282010425e-03,-2.328748140523811266e-02,-2.099978111419893018e-02
-2.680588187527969957e-03,-2.449530094393049737e-02,2.858088288130128645e-03,2.832233209312547129e-02,6.528717139997967933e-02,2.536194919811893267e-02,-1.120511668197014636e-02,-1.168788866734843867e-03,-4.597225543244023299e-02,3.703557274700647328e-02
1.289188225145381297e-02,-2.360921619877866598e-02,6.396968592187698456e-03,6.585602182742310295e-03,1.222931869476349444e-02,-5.267591227916065127e-02,-1.964624386802580822e-02,-3.034584981380207547e-02,-2.146591180509655264e-02,1.759451335381442166e-05
-1.299997051124822042e-02,4.970344671454080682e-02,1.032650000506038848e-02,-9.138056753372603147e-02,1.995830118350486182e-02,-8.855671720582540540e-02,2.456169634007372704e-02,6.033575237307668704e-02,-2.670085097442871647e-02,-1.083732533110302321e-01
2.197831283529986385e-02,-9.496845869102815609e-05,4.018554842664509574e-02,-3.566769539765561603e-02,3.608257609189267912e-02,1.616861361109894410e-02,-3.966858708276531365e-02,7.509265642812357200e-02,-5.722607132831313871e-03,3.387016447246274375e-02
-1.634247559014329401e-02,2.913861954598005732e-02,8.856773652705186850e-03,-6.566695006221050235e-02,-1.402567891385837241e-02,-1.286030683542127399e-02,4.824955588108354593e-02,-1.369586350115070293e-03,2.818866741732882833e-02,-3.122816043983376796e-02
1.698909387897093101e-02,5.021732133435794637e-02,-3.081462704864877666e-02,3.423879046209201554e-02,-9.704239973281285347e-03,-6.770318057631109082e-03,1.461742996184870608e-02,1.009679600195683910e-02,1.965399147629582136e-02,4.212164630605848975e-02
1.650165324465606778e-02,-1.574186122398959012e-02,-5.142872880053658835e-02,-1.697213465488410164e-02,4.707794832931597173e-02,-3.300379975382543990e-02,-1.112070315896608180e-01,-2.283744246941627962e-02,-1.188197572748802763e-02,-2.356230256325220901e-02
3.078621322849462230e-02,-3.149229962863817067e-02,1.049710092422993790e-02,6.694133709514847597e-02,2.432058850693566421e-02,2.983016996889593670e-03,-1.483062772597066236e-03,-4.350821166567501314e-02,3.606533849883652304e-02,5.965549632592494211e-02
-4.583463306250624980e-02,-1.894923547108863515e-02,-4.976459763647406165e-02,-8.692296044395827689e-03,-2.228617558349787683e-02,-1.822905252626687983e-02,-8.009183984982742519e-03,-2.736471209095643273e-02,-3.383347426619860709e-02,8.504028998666476186e-03
2.584879367758335586e-02,-1.643333586958143841e-02,5.219914304895077045e-03,3.494907778472840232e-02,-2.019215318033009549e-02,7.098269005627950295e-03,-3.196817215385555546e-03,1.317893995421941765e-02,1.960959431286979013e-02,7.727737217772243962e-03
-6.300752544241505770e-02,-6.283197117743205551e-02,9.861671742888201443e-05,6.340646386212636654e-02,-9.450215716388087397e-03,-8.745405911020750957e-04,-2.734057521598496840e-02,-4.521052456846054446e-02,-5.028183319159329479e-02,-6.317657085094262326e-03
5.065640923787510796e-02,-2.062639331594736704e-03,-1.170422536317253757e-02,2.229200606675043120e-02,2.024319353557715168e-02,2.496386868074955065e-02,-8.087488379176392206e-04,8.166530146158049175e-03,8.973994295607591251e-03,6.202211412892663644e-03
3.985703485982712568e-02,-1.704971922528012232e-02,-4.591653628004567500e-02,-3.434595363589022093e-03,4.216171824911650601e-02,1.160510289039250707e-02,6.062152971172760606e-03,-4.453646766611967824e-03,4.635365938792400387e-02,3.680648102542465050e-02
-2.019435271927036424e-02,-2.842845660794868917e-02,9.315374788998404335e-03,-6.445151493067291515e-03,-1.059773594887761759e-02,8.437218215468033841e-03,-2.143210454247588409e-02,-6.141165018715583762e-02,5.411982406346009869e-03,1.167560561382595917e-02
3.292230362976569964e-03,-8.807642809341329274e-03,-1.392656151544588786e-02,3.090784774847653293e-02,-7.609448512655242144e-05,-2.085759094116232740e-02,-1.570777325934965760e-02,-1.273158540789284289e-02,3.717457825833908602e-02,-2.270439691086193271e-02
2.149731246536246837e-02,4.077457138889092197e-02,2.911928605031791767e-02,-4.393097133072979173e-03,2.664121271596041340e-02,5.526312367907947748e-02,2.286786971953948949e-02,1.585647225389338574e-04,-2.266686322740415344e-02,6.524995376423879667e-02
1.531133831613533912e-02,-2.362219911134272234e-03,-5.421635585436881434e-03,-4.588636667124971341e-02,1.608276833743004994e-02,8.731678956525301336e-03,9.771475632577002884e-03,2.499271144383814411e-02,-4.568446637273915374e-03,-4.529446060010657027e-02
-3.526402349045984486e-03,-1.926227055929599988e-02,-3.031599498118465671e-02,-4.370390041431089501e-02,-9.671168900356524531e-03,-1.236451722316415924e-02,1.928178078087319780e-02,-1.672819584920412841e-02,-6.058656330959393075e-04,-3.230143202688993270e-02
-1.126403587404320276e-02,-5.052264571244406699e-03,2.257947557073863507e-02,3.162769946666672740e-04,-2.121763164701675683e-02,-4.246482826646286179e-02,4.261819199233859295e-02,8.610029174191168380e-03,8.696531616772142223e-04,-1.588775623760734640e-02
-1.396863894554344759e-02,1.118101830102817204e-02,3.080710453624884923e-02,5.257285536749583578e-03,1.833224269658258535e-02,3.154006390600013615e-02,2.668585071114873766e-03,-7.442346671467466555e-03,-2.471739668364768272e-02,-1.145787966775859736e-02
-3.073394127610062920e-02,-9.129398589248003196e-03,-5.666417280543611761e-03,1.510427206656531074e-02,-4.478735251671329964e-02,-7.690224298585674259e-03,1.545408282107222676e-02,-1.723493043728971386e-03,-2.389275535899737166e-02,5.079831038477983533e-04
1.168139726642540219e-02,3.944778048695102984e-03,-1.623248638580971834e-02,6.152960565004176978e-03,-1.482042697215451774e-02,3.286006806346850051e-02,-2.987608941455278423e-03,-3.481832825813467591e-02,9.303550596551957846e-03,2.651138469463634392e-02
-2.888905042639709070e-02,-2.970606618737430850e-03,-4.038075007641471134e-03,-4.415388867315851729e-02,-1.022949463784185269e-02,1.459620210376645112e-02,4.378282015361626561e-02,-4.667935819392482477e-02,-1.285869920553950156e-02,4.460390940673621303e-03
-2.131221256610180831e-02,-3.637768169262398793e-02,1.299410956325928665e-02,1.291285797784504259e-02,-4.848042408098083428e-02,-5.252026194493964600e-02,5.111789302401598123e-02,-2.005240161186883086e-02,-2.238039149378008574e-02,-5.205564536254778107e-02
6.141004305720480089e-02,4.306027963719594870e-02,-6.510777211835683254e-03,-2.832748628111401989e-02,1.054323536268054681e-02,-4.277418449730346905e-02,1.880214717178919567e-02,1.358837032337525431e-02,7.309937604747245021e-02,-3.534447538172832970e-02
-1.780481735938478985e-02,-1.924141872793976374e-02,2.076910149995396526e-02,-3.098380431530648252e-02,5.767612447270169338e-04,-4.288798484391035878e-03,-9.533128694761191374e-03,-1.128607710704307692e-03,-4.529764493521552804e-02,-1.281517622012937584e-02
5.521618111448869243e-02,1.768630642378903745e-02,1.218884606485335330e-02,2.653674609307023896e-02,3.876722042894841652e-02,-1.403108095030561331e-02,9.962708252603306135e-04,-1.771282962236577288e-02,5.740815614755786361e-02,1.791856429335648938e-03
-2.960088843122199442e-02,-5.442255060498619318e-02,1.961329690072554158e-03,-7.884393728485936462e-03,-7.005813784187656101e-02,-8.646606868328048090e-02,2.570223884330298525e-02,1.690165818895783198e-03,-1.551222170044426994e-02,-3.363045716021987458e-02
-6.620300169605280310e-03,2.347953634896379066e-02,4.701420174524814644e-02,8.119094579439681009e-04,1.013904529580188923e-02,-7.202178073432012606e-02,4.072610749377320732e-02,4.511787932086130243e-02,2.070817098481196605e-02,-3.211074627565033840e-02
2.684386489321872321e-02,-1.285034211418455315e-02,-1.730305024720039248e-02,-9.568477548141380087e-03,5.505030275417244906e-02,-4.520019291900856037e-04,-3.133995292320222031e-02,-6.532033988523495288e-03,3.992117535010070856e-02,-1.215199496797899487e-02
-7.902950228955072515e-03,-3.500977235273140808e-02,-1.698549721206811178e-02,-5.433809303037805127e-02,3.357853365291875035e-04,1.915531524855875953e-02,-1.945954671492562682e-02,-2.283236196816525176e-02,-5.492695823223565400e-03,2.177272185402920942e-03
1.333339555804924359e-02,-3.418958489513095056e-02,-4.669026999378103615e-02,1.354800389768670392e-02,3.116544869350768715e-02,1.167743441356984130e-01,-4.783099153152041427e-02,-3.982159822605936539e-02,4.035657733464017172e-04,3.033472264394286577e-02
-2.240899020355410082e-02,-4.383031968626335817e-02,-3.060295030301992542e-02,2.392586267045715420e-02,-2.045735580457831715e-02,-4.007320213703227663e-02,-7.149071244752845666e-02,-1.006410249155249327e-02,-2.958725145497237419e-02,-1.553793931849739400e-02
2.901816282917395184e-02,3.816019348395159605e-02,-6.746974951932754871e-02,2.927952160059148212e-02,-2.250741810434223056e-02,2.299091438705029838e-03,-6.475289213143994860e-02,1.229793545830817729e-02,4.187685446104330578e-02,-1.480393189874499270e-02
4.100111442704503645e-02,1.456931890334151394e-02,1.612979887503066673e-02,3.843112158451444937e-02,1.410958650843431930e-02,-1.974859857936136012e-03,1.017018388160951803e-01,-7.296666622253118219e-03,2.073666705551915207e-02,-2.983152755855256535e-02
-1.813954803121531952e-03,3.178367120417006919e-02,2.651473444714649158e-02,1.425632531418148490e-02,8.371749368209994990e-03,1.490346465840459642e-02,5.314039929883365709e-02,2.045982418134944733e-02,3.808037246714423424e-02,-4.758321503063463534e-03
2.280647417017915221e-02,1.652952731173409906e-02,3.039530628040587774e-03,3.407756208797158015e-02,7.916904589375053534e-04,-1.506641406316935883e-02,-1.029788457721257829e-02,9.536990248585133778e-03,2.892620598234517740e-02,-4.718407001845301672e-03
1.707634645669686355e-02,-9.107775403495468186e-03,-1.596518992204089271e-02,-3.883324676690236982e-02,1.773088244446743497e-02,2.769194073381455248e-02,-1.227525739232471040e-02,-2.432161796124618011e-02,1.709938276816424726e-02,3.123023772136287145e-03
-5.358236608931989629e-03,1.573587049413229313e-02,6.803677957667672582e-02,2.548190870403137936e-02,-3.421757899610597398e-02,1.984336646219586608e-02,8.521399102117806212e-02,4.660069053192792549e-02,2.059728051067710383e-02,-6.778105052675555305e-03
2.367138631583430228e-02,8.983561892292863879e-03,6.287320622631023537e-02,3.306905243223424995e-02,-3.483363843688240102e-03,2.225792032137367468e-02,2.473293119764688117e-02,4.017128282707947001e-02,-3.358515555139473087e-04,7.669019580482533578e-03
-5.670582103722969503e-02,-1.348847657317820900e-02,-1.646431266039605126e-03,6.126847306100806356e-02,-4.591760488672055364e-03,1.265093605608341026e-02,-1.485893650001507589e-02,-1.277220024550562195e-02,-1.113995207116674768e-02,6.876027930023222157e-02
-2.824023634069295838e-02,2.495878468773706643e-02,3.062689284866926265e-02,-5.254675050104264111e-02,-2.998405304564018617e-02,-3.798082255888072384e-02,3.379957279765975070e-02,3.351348109806500525e-02,6.351298565129027789e-03,1.376950444793274483e-02
-8.379985500928993983e-03,3.673124209955365860e-03,-4.413665373036711886e-02,-1.993866098001154455e-02,5.267206614567936096e-02,1.799462533600196604e-02,2.115442520339418098e-02,2.806069664984696052e-02,-1.870528932191723240e-02,9.724615612557439490e-03
3.461093540012821768e-02,2.123333533973269238e-02,4.459683825080487662e-02,-6.496723202335654562e-03,3.288311118652946117e-04,-4.390754769868846809e-03,-2.301187371567381748e-02,2.194440541678458617e-02,-5.359007383913926004e-02,-7.148081061695756716e-03
1.340178778390440847e-02,5.810526215190333493e-02,-2.844888195757946242e-02,9.624709895589451947e-03,-1.684191810599618144e-02,-5.000614415201723451e-02,-1.485888811348465071e-03,-1.553364184114698447e-02,5.099313413945019691e-02,-2.024442007340466684e-02
2.189791104157974143e-04,-1.681836917354214561e-02,2.485355598209284742e-02,3.306228460254970886e-02,9.246199813022241629e-03,-2.997350866782351377e-03,-2.620342956399513302e-03,3.214930781924731518e-03,-7.398023480484271393e-03,2.501703903213736355e-02
-5.879177119867736584e-02,-6.579585987702639416e-02,6.375539853392227230e-02,3.934136738475938898e-04,-1.835818562453979397e-02,-4.686298157572298118e-02,3.255090161644186297e-02,-8.590619998726508688e-04,-7.760762007144977881e-02,-4.257168875010841624e-02
2.052979197545318907e-02,-4.937737444630036637e-02,-6.999156820650555277e-02,1.064593859138199348e-04,8.714276002091774637e-03,2.693966328251475723e-02,-4.141625997911696500e-02,-3.996471936287913224e-02,-1.889335094045361749e-02,5.479759259342655009e-02
4.220408407154323249e-02,2.700150278233068302e-02,-2.136649097800873143e-02,5.294657732646563565e-03,7.848999859455427566e-03,-2.077057292179659148e-02,5.006786463782096630e-02,-2.313405652729080483e-02,1.009360963249256865e-02,-1.716013152883874918e-02
-2.737141206212753003e-02,-1.258036265513825733e-02,-5.358088256292936093e-03,1.050620009321860497e-03,3.480396585810367066e-02,1.413090563093574031e-02,3.776090706296380411e-02,2.048648477497930567e-02,-2.650609563848407152e-02,2.150829046759011876e-02
1.217412749077762674e-02,4.730519717648935807e-03,5.516337015681305189e-02,-2.542964096023100484e-03,8.987984959456270587e-03,2.530965450750794626e-02,3.665542835610301198e-02,9.445003415029934457e-03,-2.308103097999932019e-02,2.947712170694626304e-03
-5.376458545001985140e-02,1.060578462905720568e-02,2.094900535172562479e-04,-8.148125238123292771e-03,-1.515424566924490103e-02,-7.982430001597127373e-03,-1.996724619718395419e-02,-2.048205310816800587e-02,-7.336198664207665976e-02,-9.878683262159989112e-04
-5.240949846377431637e-02,-4.316558295895138453e-02,-1.251878865137402187e-02,-3.846397374692195337e-02,-4.633730288224809091e-02,-9.076040109673766398e-02,1.915764885817748328e-02,-2.249298922881295092e-03,-7.871322255697077441e-02,-5.250598404464278807e-02
1.751402895692477646e-02,3.228608684655964040e-02,-2.004199901374521375e-03,-7.428565006748172155e-03,1.151191908326239341e-04,2.893632588678498110e-02,1.378428374743873377e-02,2.569220319922016146e-02,2.885338901379039603e-02,3.312517032139350448e-02
4.018290260653903379e-02,-7.601184796278187463e-04,-6.046057195023345904e-02,4.443687015571869126e-02,2.103135754619869097e-02,3.704769841030323280e-02,-2.348353921346553810e-02,-2.003880176631295251e-02,2.790565168790955231e-02,2.285150595283983593e-02
-1.781456680586892063e-02,3.555903357396716837e-03,1.710426118936464110e-02,-7.570542439716215766e-02,-4.101641261101580255e-02,-2.130708516677259218e-02,1.758702402655434177e-04,-1.706034354945486914e-02,-1.010828311884647869e-02,-7.747564841203878443e-03
5.199050148361494816e-02,-1.343952114544655005e-02,-6.675373938400687435e-02,-8.193259686861019062e-03,3.270722164128540832e-02,-1.055733963729217108e-02,8.634741381296891227e-03,-1.596818057603468372e-02,3.497649714201452736e-02,1.391031929088365308e-03
-4.652268064971703393e-02,-6.310612031828528867e-02,-3.624716157743208302e-03,-4.820741571736301273e-02,2.915215969330938513e-03,3.321842415399198223e-02,1.575547911387214714e-02,-3.185947580996971451e-02,-5.192051012063619159e-02,1.850137006630458991e-02
-5.918217353097133399e-02,-2.806483565642342668e-03,-1.970881605343983772e-04,-3.467425491403536286e-02,-2.346373635074996619e-02,-3.291434741213765391e-02,-3.360735824098002623e-03,-3.918841883222676237e-02,-4.639986151611350668e-02,-4.311317108922106851e-03
8.904746864606235190e-04,-2.768714809101182478e-02,5.288150091626053068e-02,4.770309203334693882e-02,-1.540379458544595924e-02,6.157602366793277909e-03,-8.433049252488507286e-03,1.938327268738041301e-02,-1.753773762475121026e-02,-4.744724476892357712e-03
1.179856766584756224e-02,-4.062314369163820202e-03,3.448937486653664859e-03,2.100112170095446221e-02,-5.846244245339991819e-03,-4.722916254165350838e-04,-5.299777384406237357e-02,-1.031821000691014040e-02,-7.027624548545849913e-03,2.300823077944410405e-02
-4.037540602942835816e-02,-3.154255869497590153e-02,3.333819184088821636e-02,-2.050928808697005321e-02,-1.447890131638142732e-03,-3.530649506315739188e-03,4.385315475294122162e-02,9.180216298997709182e-05,-3.535474338524198078e-03,-5.434695888598977190e-03
-3.364003274667832707e-03,-5.809927631031077322e-04,-4.079049834806291325e-03,-1.069126567063585602e-02,2.579205144031491287e-02,-3.665026604746394068e-03,-2.471571817702815366e-02,-2.506292886084479296e-02,-5.659188723060862812e-03,-2.074012637636861098e-02
-4.693770600480288990e-02,-7.484829741888093801e-02,-1.456524906758744665e-02,4.642841002393663374e-02,-2.425321891542582542e-02,-2.292932837798529466e-02,5.379226372493591674e-02,-1.653271787912244731e-02,-5.042778101145215658e-02,4.119319698367870236e-02
1.156726768871025116e-02,2.430556987969031968e-02,1.774224389864977741e-02,-4.975609894405464383e-03,-2.111076301863964999e-02,1.234466173262816456e-03,-1.946335902125706854e-02,3.799987616086814013e-02,8.217973085925511442e-03,3.409855135294581618e-02
7.075769556141636198e-03,-1.249172674792583398e-02,3.339582632023454373e-02,4.399616434387448871e-02,5.505932696060063594e-03,-7.112775989702451937e-03,-7.020085548171936356e-03,-1.763426153386091601e-03,3.381189915553814429e-02,1.642869419067527481e-02
1.144769363229071121e-02,1.917038722262881479e-03,2.765432079218310343e-02,9.616904623051197127e-04,-2.652842851934283930e-02,-8.377031941594153402e-03,1.369037380226438387e-02,-2.980989552409102697e-02,2.103323621163596599e-02,-3.994297773845551652e-02
1.595160487495067558e-02,-5.388249627001515107e-02,-4.267060449695005142e-02,-5.719660338823865341e-03,-6.544233184692594546e-03,4.377003714265123580e-02,8.930580634061104431e-03,-6.279953959319943546e-02,-5.154334283211443185e-02,-6.843092639922694100e-03
1.245314600245411331e-02,-6.536226966783958460e-03,-4.494936758545856753e-02,6.316694780333635684e-03,-5.519080173784043138e-04,-3.131746896613614006e-03,-6.756505415277380688e-02,4.107332468545220328e-02,-5.947706384093962018e-03,-1.431870615188029529e-02
4.947764472543172455e-03,-1.648177144556547957e-02,-3.379405122101112463e-02,-3.657200986442977336e-02,6.241589114371916963e-02,3.487542589337333521e-02,-9.133278296368058102e-02,-2.154659705798184915e-02,-4.178165156466615883e-03,1.169804949493020475e-02
6.887469032733517516e-03,3.111723209796411413e-02,3.073241234250821685e-02,-2.287564291012244080e-02,2.177572673343147747e-02,3.592970486319917861e-02,4.484128985965475656e-02,1.051167195272725702e-01,2.505411346364992686e-02,-3.044758331279267052e-02
3.704786426646820841e-02,1.203867011249210939e-03,1.423334028252375150e-02,-7.256900959723669615e-03,-4.541212709086077381e-03,-3.851091648768420472e-02,2.194481744187978117e-02,3.732792703027671549e-02,4.291419939213053647e-02,-1.240332435846476121e-03
-1.835788524980882727e-02,-1.651743726104350565e-02,7.535021911372227071e-03,-3.300098144893106461e-02,-1.172101907492034342e-02,2.022517947774303201e-03,1.949309563951161575e-02,-5.758270911234600158e-03,1.824916732906716951e-02,-1.105314426627279764e-03
1.376684516321990091e-02,2.738305637397110692e-02,1.949176821421757979e-04,5.097117852747131556e-02,3.082559198627885313e-02,7.764377943608890935e-03,1.205747926290878704e-03,-6.915719997191330237e-03,2.218580977486419789e-02,5.521599050290709743e-02
-3.018752028394822845e-02,-9.263456360211003160e-03,-1.254915973077495341e-02,-6.016380167434269566e-02,8.745525015449194528e-03,-2.605059148418347251e-02,-1.212002245258444327e-02,1.155750197123683529e-02,-4.514469021777258589e-02,-5.182213096347211556e-02
1.504411248066722662e-02,2.559797546277876173e-02,-4.642524314392183489e-04,-2.852354662442499120e-02,1.030737673522570674e-02,-1.742318785566083356e-02,-1.077290350017364416e-02,2.706080546637083112e-02,-2.469644609491646048e-02,-1.152107408049054919e-02
-3.509698815541917316e-02,-4.234133352350005763e-02,-3.117601638251080512e-02,-1.615915291111018337e-02,1.837697460677027717e-02,1.712781300262958273e-02,1.088523396664546616e-02,1.772699458068415640e-02,3.711651670357997684e-03,3.881164129306401145e-02
7.794254034095487310e-03,-2.027888687399753351e-02,-4.436726950933583824e-02,8.665901742254079887e-02,2.053914426700850088e-02,5.040770669058730613e-02,-2.348005734520993565e-02,-3.564672633239467786e-02,-5.860338796613604601e-03,5.144143148912345975e-02
-2.616443050216417376e-02,2.246431924194077639e-02,-2.923126814205484827e-02,8.129891006246461882e-03,-2.906947730518259602e-03,-5.417405666159117589e-03,2.875698980037545358e-02,1.464049147520708576e-02,-1.329284426343975596e-02,3.394644204639220286e-02
2.513070941689575857e-02,4.457344967511574219e-02,2.642415399975127366e-02,1.465065891614365443e-02,2.178736914062480781e-03,-1.311391142402770077e-02,4.383838215713042885e-02,6.470019678892519055e-02,4.775727499539419996e-02,1.986598539991325102e-02
-9.776589584843320066e-03,-3.794146075808339097e-02,1.533038029488124031e-02,6.151110138713090925e-02,-3.271379360762243643e-02,6.617460009827406953e-02,4.150298597333424572e-02,-2.824563421353923701e-02,-5.178128693693731521e-02,3.847528703644376852e-02
9.458235641649527514e-03,8.578034323810894771e-03,-2.435285957281086919e-02,-1.426638262950056905e-02,-2.050493993800186002e-02,1.151491972705678477e-02,5.649527780263667587e-02,1.720788233234807341e-02,-1.806568271045092683e-02,-1.595972114710379752e-02
-1.486238173879542244e-03,-1.823664889673182188e-02,1.814730473827931567e-02,-2.850895332866828363e-02,-8.836732323931351931e-04,7.009257401490440360e-03,4.541575221137934826e-02,2.975933949054638747e-02,4.949696419357618900e-03,1.758571301632594341e-02
-4.171644968061381450e-03,-1.909088894381805179e-02,4.973179561901235057e-02,-9.931854069800296128e-03,-1.572798986104005300e-02,2.160364515850631342e-02,-2.307864481623062014e-02,2.936860384862758494e-02,3.582794370346083918e-03,2.288378245548958537e-03
1.088078694222627436e-03,-3.310248527218200964e-03,2.081062783029700644e-02,6.303705081998776417e-03,4.554969614114426357e-02,2.712360287424481556e-02,-6.013256434922304577e-03,-6.648101484001079677e-03,-2.409391637722373830e-02,-7.106207502602250418e-03
-3.234470394331567106e-02,6.129484963460137339e-03,-5.826006901112846560e-03,3.829139148043044644e-02,-3.982151454936717211e-02,2.016967635014013747e-03,-3.572491337394538558e-02,-4.275213016536666411e-02,1.169387727743470204e-02,-2.805327282192867505e-02
3.027009725378328187e-02,1.537222139006491975e-02,1.209967139316248455e-02,1.626067215999937518e-02,6.042765108373233940e-02,3.320484529897457793e-02,6.146639069688288742e-02,4.348864040183656604e-02,4.568227594827198312e-02,-1.818701755768663275e-02
1.808308416888655679e-02,-3.466183643987331975e-02,-4.661869643525883011e-02,-9.573663121986170782e-03,3.983670231194633149e-02,3.721555172894978891e-02,-2.226203062673907940e-02,-4.027270012620082218e-02,-6.847269144783753141e-03,-1.177608202664641272e-02
1.498180379970301922e-02,1.834810291540983282e-02,-2.029923645311719829e-02,1.107300818189062286e-02,-1.533594631187248578e-02,-1.184318745477608292e-02,-5.472807583357244821e-02,1.072793907219321899e-02,1.056527466464121656e-02,-1.549736117383822840e-03
-5.349574714617951615e-02,-3.683051353276337037e-02,-3.085280657099216325e-02,-1.192654069236810102e-03,-4.533303178701820341e-02,-7.394355896016636953e-02,-2.088657268161993666e-02,-5.486446149255881644e-02,1.381183097902132645e-02,-4.526913557500268637e-02
-3.722147270876799419e-02,-2.300584369683951122e-02,2.811395668779369597e-02,-2.805503155823377195e-03,7.125065034469114066e-03,1.380916583333935410e-02,-1.403657640398963237e-03,-1.730475696258320512e-02,-3.606802896904776068e-02,-1.333766650935956817e-02
-3.784953555987811968e-02,-8.910247257917676411e-04,-1.333490934199142892e-02,-5.344194960814559192e-02,2.272783704366163754e-02,-3.953429994321966401e-02,1.002844242286218650e-02,-1.717418135903697740e-02,-1.071561155980367899e-02,-4.226486709998421298e-02
4.227286185180738169e-03,-6.939774241329962901e-02,-6.422119605490159144e-02,2.922388077875578624e-02,1.849533329303803403e-02,3.635427886358895411e-02,9.789871982631242336e-03,-4.588498756916122023e-02,-4.518591185021775952e-02,2.569982125276187510e-02
2.272834966817768171e-02,8.146428951068029889e-02,-1.555233421341751208e-02,6.748848335013113431e-02,4.335804479993345117e-02,4.715572336216881932e-02,3.739568379445975393e-02,2.335965443239232039e-02,2.774662953897884254e-02,4.914037764592982943e-02
-1.352938143736212920e-02,-6.673808954276595762e-02,1.049604939104701630e-02,-1.813306581460082112e-03,-2.152279985781086272e-02,-2.392757379044338148e-02,2.480186581838770762e-02,-1.026461766744932343e-02,-2.578049189542130915e-02,1.719580357571476661e-02
-8.858986056436545659e-03,8.326283660864297609e-02,6.958958363348966003e-02,3.048840550474963065e-02,-1.244795717172758262e-02,2.416703864156556983e-02,3.579352534831649335e-02,6.944100487374266217e-02,3.424043983939352442e-02,6.525937613731395970e-02
1.298193694267429053e-02,-1.873797876925551581e-02,-3.003110671023164271e-02,-4.346804577893360888e-02,-6.221696937039911113e-02,-1.599519029657178390e-02,-3.628141576738002499e-02,-4.912260922624350767e-02,8.129400463095719925e-03,6.147328775345176598e-03
2.865646317507109485e-03,-2.704153621393302898e-02,-1.710673055074056481e-02,5.778358033005963346e-02,3.437797886354977683e-02,6.798173497096479667e-02,5.455787180046616641e-02,-2.034576121856355654e-02,-5.215432143958437065e-03,4.735426383338887935e-02
-1.094294858060403325e-03,-2.201406182310653922e-02,8.882558648619380895e-03,1.669284045611811595e-02,5.336360097820360381e-03,-9.420992974340652859e-03,-2.266106382159828458e-02,-3.555305310638416649e-02,-4.772976746289214409e-03,-9.922178009902190426e-03
2.721234744907901140e-02,7.387637331114627059e-02,4.296055030702998490e-02,-4.844261072920653249e-02,1.128159624705765002e-02,-1.249439344761418304e-02,7.030916868232205130e-02,3.258402613223617544e-02,1.313774732455092603e-02,2.198398339476021965e-02
-1.675886568875805532e-02,2.904013137775706896e-02,-7.340228009034699061e-03,3.406393219285866469e-02,-1.396048732342495234e-02,2.127179125402952481e-02,-1.206718264858431221e-02,-4.265693111348676028e-03,2.253667604699565938e-02,2.724806952633501700e-02
-4.252485654726198550e-02,-1.056034677131328231e-02,1.922023321699374218e-02,3.970103738871979399e-02,-2.657217843021293310e-02,-1.109810904773091134e-02,2.425630341653303365e-02,-2.184776559432519485e-02,-2.362327248403188473e-02,5.544351902481225482e-03
4.874279260840237021e-02,3.454789907276917867e-03,2.031744113074312325e-02,1.363201463921661846e-02,1.605466388915728973e-02,4.016529010982560627e-02,-3.560245793146170346e-03,2.329408028357928331e-02,-2.171598269349997792e-02,1.027820100115974661e-02
4.925823622380370859e-02,-1.580254333568026359e-02,-2.250346119200487618e-02,-2.041734245895189190e-02,7.232291355043760084e-02,5.974333860120791678e-02,-1.330236915149452491e-02,-1.561285696721915854e-02,3.134706901643149590e-03,1.089020829150116540e-02
-4.352984394338346719e-02,-4.941461342877168789e-02,-6.439817394558047282e-03,-4.024113698106131926e-02,-5.608119511873244784e-02,-4.388281132988466199e-02,5.808234143803679694e-03,-4.152584216753652663e-02,-3.952522385134704663e-02,-4.424088087137544728e-02
-1.065332236274922628e-01,-4.457625592994034908e-02,9.956869938062825470e-03,4.349291352437337221e-02,-4.612718747689947135e-02,-1.661325091448825550e-02,-2.788243142725247564e-02,-2.553190040684683807e-03,-4.412399202858913877e-02,-2.060449627983764950e-02
3.748478922807724906e-02,-3.141659837160738072e-02,-4.318148498155918724e-02,3.870890600058653208e-02,5.627553106810918859e-02,2.407179026904045921e-02,-3.699927110644340988e-02,-5.611584638707287076e-02,2.286253707270901117e-02,-1.235002939172093889e-02
-5.221988059299734891e-02,-2.653343813892988790e-02,-3.838236699146822112e-02,5.933527921319353693e-02,7.843618661153914373e-02,3.116100396186911869e-02,-9.659872763477180685e-03,-5.031788916129849298e-02,-3.289022142367079710e-02,-7.036741849380844308e-04
2.160649383215244509e-02,8.235927824130880384e-03,4.451414452086512215e-03,-2.170020007145482752e-02,4.022175211658303960e-03,5.039820217887576448e-03,-2.358167916410668780e-02,-6.488372573823883438e-03,-8.123246047300369983e-04,-1.295308106606027528e-02
6.712983601948666057e-02,-1.692876429818677281e-02,2.022247011441351359e-03,-2.628936926965668233e-02,4.287718746714614532e-02,2.046856841947234176e-02,-2.679027444288994281e-02,-3.731677054141867983e-02,1.755734111731625108e-02,-4.620458162866274967e-04
-1.037780261424807232e-03,1.928089265347510822e-02,1.027071649330716513e-02,-1.587616680391614257e-02,2.592536421888106193e-02,2.222317969322832633e-03,-1.416983048831314297e-02,-3.127825936862121264e-02,4.412792249228237457e-02,-1.445446521489440403e-02
-2.938907580978515621e-02,-1.234022350311529681e-02,2.503060276435569928e-02,-2.137150278163536810e-02,-3.405132340625229362e-03,-1.339683818384781316e-02,5.961436776257967272e-03,-1.152715888056815401e-02,-1.087276767972571254e-03,-4.727619231281564999e-02
-1.398840406068592966e-02,-4.180802388156826255e-02,1.160174038340420176e-02,-2.354095584399843594e-02,-2.292206309741858655e-02,-3.116734201518616201e-02,2.716695226020171550e-02,-3.448341011447803722e-02,-4.391550711052189665e-02,5.929447780733480486e-03
-3.098971367971024848e-02,-3.755961283231015399e-03,-5.803687902523879498e-03,-1.099945711616764389e-02,-3.194369922200385181e-02,-4.587971827926634952e-03,-3.657236061511266734e-02,-3.791867626378345874e-02,-5.668114602437994420e-02,2.564534224311083160e-02
1.124180589181322971e-02,-1.904864822764177137e-02,1.040229639659171097e-02,-2.857938634073008827e-02,3.958396179304757984e-02,1.819769258388842514e-02,2.842152708104406299e-04,-1.999207100442362828e-02,-1.427360412976074605e-02,2.203931914297339867e-02
5.706296699460998260e-03,5.021514448420495019e-02,8.370523583462739434e-03,2.451075913297899806e-04,-1.995797053845572641e-02,5.453232838114935657e-03,-1.395299055662266264e-03,9.220861411762984461e-02,4.185883016577846699e-02,1.071826121420047830e-02
1.759451707961269887e-02,4.669712431722965185e-02,4.303682334820457117e-02,-4.617668347763013818e-03,-2.364016153465542044e-02,-8.739057868381512259e-03,6.877846098875955994e-02,1.793231443041302595e-02,-4.562973091845711274e-03,-4.015966511883860106e-03
-1.315184188533589059e-02,9.630010776621020577e-03,5.245824589115617026e-02,2.739815722602859105e-02,2.041243058581978728e-02,3.964892416839503608e-02,6.270028974113142119e-03,4.946677124550980659e-02,-1.601207062418260121e-02,-1.110089071611082383e-02
-3.663715105197223876e-02,1.701556896291335844e-02,-2.846157324502694014e-02,-6.491362323391097755e-02,2.289976303670226282e-02,-1.417549272673728801e-02,9.445148639897923276e-03,-3.076760991096994316e-02,9.418720749762773134e-04,-4.001365635776384100e-02
-8.168667966021709789e-03,-1.661379848640549134e-02,-1.985874953250713493e-03,2.447752703855171977e-02,3.962407356908001499e-02,2.747700343490944164e-02,-3.662200649760345011e-02,2.649708990123227775e-02,2.527133625057932306e-02,-4.279496222096381905e-03
-2.129812640684985558e-03,-6.149815729487464674e-03,-2.298972257742475100e-02,6.702428949181600364e-03,-5.268235984900308463e-03,-1.707658543275860632e-03,-7.211215423245378835e-03,1.337281257265588753e-02,-2.782719664665836423e-02,2.969135613675021306e-03
3.300546720531166017e-02,-2.049422512942434410e-02,1.221202661362186075e-02,3.173337673754853677e-02,2.368445173868356443e-02,-2.548130867750216660e-02,3.038305508878780606e-02,3.842282013460934439e-03,6.295702802916074148e-03,5.156012242338035151e-02
3.183306306173123296e-02,1.823108774236237989e-02,-4.363104715615867546e-02,1.479873740647596851e-02,6.294293632442622688e-02,5.916795035160828976e-03,-2.905435022757776181e-02,6.398204641684559872e-03,1.378749090016312406e-02,1.031102339423799717e-02
3.703848076633865782e-02,5.208991660071441571e-03,3.211073664914192854e-02,-6.086826059320293858e-02,-2.433050752447163401e-02,-1.440297787195343564e-02,-1.516881619384190423e-02,3.105696262658762252e-02,5.890937572131896283e-02,-1.325487472424748125e-02
4.486114015590057791e-02,7.205539025406875776e-03,-2.202137900552615657e-02,6.192698035375244353e-03,5.025427238994484291e-02,1.624991192856066469e-02,-8.919332333363916634e-03,-1.077546032547382210e-02,6.548888303398284205e-02,1.800081337498187981e-02
-3.463058171898199256e-02,-2.133601735374269712e-02,-4.674084880958748883e-02,-5.215669450716404337e-02,-2.287277613324781300e-02,1.811646805790958353e-02,-1.242372105442247042e-02,-2.064328290652473266e-02,7.169969572466068468e-03,-1.347046910786655477e-02
3.908094127838759521e-03,-2.938244928871207307e-02,-1.862116583371199730e-02,-3.714813782077599352e-02,-3.963981915295293479e-02,-1.380541665696368055e-02,-3.470398832004593231e-02,1.130996585073095612e-02,-2.635749047845534904e-02,9.785627124048342645e-03
1.275706047149798711e-02,3.875147528916710049e-02,-5.801826494270035869e-03,4.526886556490692434e-04,-1.002325182498631402e-02,-3.052725880091508841e-03,3.954349097864509610e-02,6.324440407180915991e-02,2.323363780994273584e-02,-4.203923063424829659e-03
1.362692390233142051e-02,4.371428777193257786e-03,6.202690373749096542e-02,5.869192584083087307e-04,-6.031081106698098909e-03,3.546325464396581084e-02,3.480579397293021644e-04,2.395696008047714515e-02,1.400472772166917734e-02,2.045277157988687963e-03
1.157983070240581509e-02,-2.358530477814738471e-02,-3.858203262419601653e-02,-5.792574858974697261e-02,-2.679561220535399413e-02,-5.942762696617805152e-02,-5.991437776611091906e-03,-2.806152289995586871e-02,-1.551140888521202257e-02,-3.921988091741677313e-02
8.557291262380480046e-03,3.729516206779794757e-02,4.396986268966349837e-02,2.975898140469049324e-02,3.665914027845523782e-02,7.008898802202549738e-02,-2.007213053393680849e-02,5.867046586386481105e-02,1.609015152440750052e-02,4.460238209392854147e-02
-5.449372500149984172e-02,1.240698893721281157e-02,2.051625480661750309e-02,-1.953083832844714970e-02,-1.965031771870204974e-02,-2.630987173278885247e-02,2.745072553219060976e-02,-4.432564087725058069e-03,3.695360342841680140e-04,-2.423454349066061012e-02
-3.698919688096189567e-03,-3.680653467388313171e-02,2.883719597359099551e-02,1.262109016011792343e-03,-1.563675037942187374e-02,6.953425104193612996e-03,-2.803345955148052113e-02,1.233023206524942912e-02,3.218393292974824904e-02,-6.607356644493446451e-03
-3.797829002118703178e-03,1.865751989289098078e-02,1.246889543597260244e-02,-4.838496446073167756e-02,-1.956919958132333215e-02,1.150372859884093383e-03,-1.150569121782157520e-02,8.952021252793618614e-03,9.359850893445185310e-03,4.444401800129226671e-02
-1.933035816709660626e-02,-4.570464552652069024e-02,7.025911594654571379e-03,-2.685378847319060819e-02,-1.116060681974012994e-02,-2.195746433333218769e-02,1.300584996217265393e-02,-1.357916929797858309e-02,-3.768592504815723720e-02,-3.077921990334031577e-02
1.392510273292850431e-02,-3.335473146230785724e-02,-6.030164886167312804e-02,1.520717985244002431e-02,3.012792026547781235e-02,-2.778305222469717312e-02,-7.439032223028387014e-02,1.020669960525860155e-02,-4.647964220541722993e-03,-9.813688869014288579e-03
-1.794485017945434205e-02,-1.644346833657030216e-02,-2.962267892996255786e-02,4.080381998617922668e-02,2.647452519476149388e-02,-2.507623042182749104e-03,-3.288254715064518191e-02,-3.785328280632607040e-02,7.722516532431244508e-03,9.527720549321445909e-03
-4.150785043683311026e-02,8.036363861665012705e-04,-4.519304335234471115e-02,-1.322422168427659327e-02,-1.928374751799603881e-02,3.326423519846701937e-03,-2.897589568051611719e-02,-3.967132621707766815e-02,-5.264419687804355180e-02,-3.394522374949610066e-02
1.079810119804837376e-02,-2.061920296752035864e-02,7.958642858520909025e-03,4.469004421816531736e-02,5.034822429800655131e-04,-2.550576484980647800e-03,-3.234546824344051996e-02,3.659876254813437813e-02,-5.934497618977086116e-03,1.075195061482589823e-02
5.033815175759472071e-02,9.639740030834915291e-03,-7.492795637716402266e-03,2.528134492804238673e-02,5.506624098035529241e-02,-3.244650144046436202e-03,-6.626020045314177931e-02,-1.136102273286846223e-02,1.598876057624378996e-02,2.311796612313040886e-02
-2.180106949578261566e-02,1.446294380283820458e-02,-3.875811377044963146e-02,6.848747900592151716e-03,1.531446014864275978e-02,4.548867681818007103e-02,-1.133202916847055736e-02,-1.502890804901634546e-04,-1.858522411067163940e-02,1.475655398504558194e-02
1.010903710788390447e-02,1.764313404766182716e-02,-7.350134221875133378e-02,6.870215817411382334e-03,-8.593657151173977188e-03,-4.382996240814436562e-02,-1.722391460564357338e-02,-4.996385696446638269e-02,-1.938049368703429615e-02,-3.164210269842593348e-02
1.513406702028203404e-02,-4.675513744031974117e-02,-5.018097761637323878e-02,1.104698788945785402e-02,6.059457144007584367e-03,2.899167595039206166e-02,-3.535320025895417884e-02,-4.701647663152223183e-02,2.666789761434956024e-02,-3.064091230094367901e-02
-5.697468053024722784e-02,1.470886497426919992e-03,1.176263626847796895e-02,2.851016769276136856e-02,3.476795067432515707e-03,-1.039406524406309880e-02,7.710134729389866992e-02,1.377105836410513068e-02,-1.202196031066949137e-03,-1.801962885629387889e-02
-1.602197122646888822e-02,-6.538499492117984951e-03,-2.150008297576831706e-02,4.310146370997065823e-02,7.105220241848799433e-03,-2.318145986596296948e-02,-7.724150526972078934e-02,-2.397184942233280061e-02,-6.549592373473418772e-03,1.420092682508757378e-02
1.473299598839228515e-02,5.005252176931582198e-02,2.006903024272390160e-02,2.123193866153690740e-02,-1.961334265935220714e-02,-1.688230561596402654e-02,3.987063301572504187e-02,1.444696956141967685e-02,4.556273893451156382e-02,3.653986794744920608e-02
-3.353986883699318355e-02,-2.811771224093669377e-02,1.689010843188794297e-02,6.751869790229827291e-04,-2.555038979410475045e-02,1.759348377066321568e-04,-3.938121576917880812e-02,-1.295266903341113496e-02,-5.876578599962396093e-03,6.048381794444678689e-03
1.647371241013346338e-02,6.791102674320445565e-02,4.400284499249802056e-02,-4.857637386530068435e-02,-6.956634761298871768e-03,1.705049544585629864e-02,6.058096135047327108e-02,7.582001258817018530e-02,2.074478332596594449e-02,6.116108822916713379e-03
-1.842963949792741224e-02,4.405664483820279087e-02,-1.829407968626593339e-04,3.848298109982326021e-02,2.095802546632616250e-03,1.677618655530466142e-03,-7.146385926979324787e-03,8.285519219244455447e-02,-6.032022626748570308e-03,-1.816545641066696221e-02
4.696492020174972831e-03,9.587319062763638433e-03,2.025177931443276902e-02,1.355623462082169300e-02,3.591181559669393702e-02,2.951665598311377023e-02,4.195222071399547920e-03,1.213515973248314658e-02,1.205476458437546375e-02,2.202137989605533128e-02
-2.708237642201669418e-02,-4.811157075889609114e-02,-9.779210789983843952e-03,4.254747006676452142e-02,-2.755491793572786841e-02,3.729791771875097355e-03,6.463908475472041277e-04,-1.511039875346109097e-02,-2.999475861669458066e-02,4.465114920312458248e-03
-6.159148370612651385e-02,-1.550294888727491403e-02,-1.488044582775565131e-02,1.213900906310648627e-02,-2.204672577783271109e-02,2.153103503968377755e-02,-8.603936463701142984e-03,-1.579548676409233592e-03,-2.715939902233158870e-02,1.782522060420229509e-02
-1.336726826115950187e-02,-7.476615391203114691e-02,-6.001225719970507133e-02,1.683748438785277746e-03,2.893520836546099873e-02,-1.746373403797822936e-03,-4.435868127645394010e-02,-8.282479462304402629e-02,-5.098936846653621957e-02,2.671950438221706164e-02
-4.104623924156096393e-02,-7.587608135735181801e-03,-3.545072277999871541e-02,9.362489016087573168e-02,-4.698260986565198569e-03,3.070128434508925808e-02,-4.055410309607816732e-02,-3.860174133775099575e-02,-1.618719959024057450e-02,7.838800970480878927e-02
-2.534726501800016202e-03,8.144411111023139305e-03,2.995208225203347882e-02,-7.506092850858746106e-03,-3.134758494163546877e-02,-9.665474438959762923e-03,5.284130643816123407e-02,4.412416992310285585e-02,5.774614731275982266e-02,-4.709205415995459248e-02
-1.218176887459998699e-02,1.475192219585298899e-02,1.430994462269651263e-03,-1.973994099595215504e-02,2.126856339110347327e-03,-3.670258864451365769e-04,6.488790658944858236e-03,6.384619972263495639e-03,1.795478545310466578e-02,-5.324896038086931321e-02
-5.990720983559587667e-03,1.013364981534873276e-02,2.322649661127653038e-03,-2.119688903965535887e-02,-1.002635469898831462e-02,-2.441671164075760042e-02,3.060451201284253991e-02,-1.346925334111571254e-02,-2.354651608209750932e-02,-4.654618119249913366e-02
2.146607529735031911e-02,-4.182863540038586972e-03,-2.136591768385542444e-03,4.162529261306743139e-02,-2.350534049483873900e-02,7.027676248307804935e-03,3.049046743971184272e-03,2.907430193502332991e-02,6.373600109826717264e-02,-6.515404466419365270e-02
2.627668169118289529e-02,2.650043662044406292e-02,5.980611529192395026e-03,1.016996247472968899e-02,2.511073324223661585e-02,3.817679636956367029e-02,1.082940476394401042e-03,2.959747273137120285e-02,3.411961860275175996e-03,6.752178209945960963e-03
1.233144033895552244e-02,-7.084244988278083632e-02,-2.475289594814156571e-03,1.880190989216827882e-02,3.996946392193897329e-02,5.734161317703144467e-02,1.682969290697200471e-02,-4.888299062672585987e-02,-5.148609370734796159e-02,8.243392314340641791e-02
-1.583490992061023506e-02,9.216589167685236214e-03,2.166433822888884364e-02,-8.953450574380607263e-03,-4.236025510426896790e-02,-2.869894600233779958e-02,-8.082980172242735725e-03,3.969263187943620347e-02,-2.695464218480566818e-02,5.055042843541769637e-02
3.845364702861964190e-02,-7.456234653786988908e-03,-2.321571858156931938e-03,-1.416248429793254965e-03,1.879717875073618275e-02,1.936319234075911666e-02,-1.590652518943151683e-02,-3.334362958250722264e-02,3.656297397478657646e-02,-1.334458755607656824e-02
-2.062649190933069782e-02,2.897427113514483912e-02,-3.731506027781936142e-04,4.641223987555499753e-02,-9.742839763508549453e-03,1.157598179258924505e-02,3.656782946399817630e-02,1.721171184621252820e-02,-3.583906670108857884e-02,5.989170556927593710e-03
3.866040153279488856e-02,-5.826074594532180094e-03,-1.667487769329425995e-02,-1.910564186325163644e-02,-1.554635696694979877e-02,-3.996258200640113306e-02,-3.252364680366733735e-02,9.045372558735886859e-03,7.670383262623113596e-02,-4.593149321324397488e-02
-3.016593323156612980e-02,4.784320828255502617e-02,-9.513994712038984641e-03,-2.267360764125122760e-02,-3.946443333882779236e-02,-8.485646287177886840e-03,-1.855921263187621656e-02,2.100469196476890260e-02,1.449484784689105375e-02,-1.045273096201914352e-02
1.904271854742764156e-02,9.231061402819961889e-03,-1.181512736750770821e-02,4.940480173987025006e-03,1.734768524932709527e-02,-3.795834808638720581e-02,-2.591069232992658511e-02,2.923872836937953940e-02,-3.296044447643500797e-02,-1.868580287874946344e-02
1.820044958191997450e-02,-3.266546660735497945e-03,-1.425604511500455293e-02,5.660802782470063937e-02,6.592070581262020335e-02,4.045469246713695455e-02,-1.775567701824381020e-02,-1.540077431745192141e-02,1.015296637605076283e-02,5.706931711062374762e-02
-5.229505728655536867e-02,-6.883413370510413701e-03,-2.030955551807643936e-03,-3.931677286953098871e-02,-4.424760303611555146e-02,-2.061182771141338230e-02,2.914938387803631473e-02,-8.036487924139404035e-03,-2.709610214158959807e-02,-4.329914039796119336e-03
2.473539368760436716e-02,-3.628808846749406562e-03,-4.253347591010575579e-02,9.076497824559862440e-03,-1.343269054627705544e-02,-1.990569625014584204e-02,-9.020318767998133230e-03,-1.951683195507485091e-02,2.623279014699215345e-02,-5.883133675820815395e-02
3.466615440734416992e-02,1.275081819255248841e-02,1.100924536671102176e-03,-1.093310278872033046e-02,7.732998172746276960e-03,1.732348214124053085e-02,1.450284522329766540e-02,2.802310920287134910e-02,5.105373528445526776e-02,-4.223881313601083459e-02
7.904922114667499444e-02,3.345204080889136594e-02,3.556089112759792253e-02,2.541978260699762418e-02,2.423558606519910993e-02,5.373500378667862148e-02,4.376274208031095264e-02,1.013502704625928938e-02,4.729207807109475636e-02,3.469515013338595605e-02
-3.049269698318646249e-02,2.272199599489754113e-02,2.249283182277881862e-02,-4.848226074619996218e-02,1.293380571139253650e-02,-1.556610070344374881e-02,2.643228676767278226e-02,2.211445340798804532e-02,-4.211167922362795552e-02,-3.335042223155283703e-02
-1.812225442973500536e-03,1.794117929365845673e-02,-3.106079206005426391e-02,-8.193415399356144624e-04,-1.628385993974571302e-02,-7.562893188899622726e-03,-7.105580653171930661e-02,1.993317703486694598e-02,-2.024562345392449947e-02,2.010855194092226600e-02
5.020241215009219049e-02,1.712887168551994674e-02,-5.891124142412953389e-05,5.946324524343456902e-03,1.322657034786642663e-02,2.007041841699622881e-02,-2.951800874905619390e-02,-9.094281642996185008e-03,3.226631138299775048e-02,-2.237387625302406612e-03
5.183499466093507285e-02,-3.295024961710665140e-02,-2.166912470658613130e-02,-2.913568755101039395e-02,2.668835233476819779e-02,2.649005195031040732e-02,1.363615260047440925e-03,-3.505250558552132356e-02,-6.530748208745179584e-02,2.105630440645048489e-03
-1.794448002831553271e-02,7.336747778925715828e-03,-2.556164873481827759e-03,-8.176828954924672890e-03,-3.299957850656058678e-02,-2.910086611097788961e-02,4.232967146625741389e-02,1.897563325244353005e-02,5.768786557736176474e-05,-5.943081820066125481e-03
5.145657178540288118e-03,3.834325396033232136e-02,1.694196589259450159e-02,-7.200137244278229098e-02,-3.366817007911349774e-02,-2.095645428895270834e-02,-3.309643786813583344e-02,2.752678267170200962e-02,3.261778229576076799e-02,-1.285287919688050083e-02
-2.532700297616744325e-03,1.376441928762399403e-02,-2.220798235093166331e-02,4.518274908160632708e-02,-2.059323758861186099e-02,1.861691351482855144e-03,-2.758046013113072889e-02,-1.670814632653684281e-02,-4.142091247034755154e-03,-1.328912231340855822e-02
3.025576026546481986e-02,3.174875023759143877e-02,-1.328736472593597569e-02,-6.055971761315963667e-03,3.127593016086991501e-02,4.965409198574511490e-02,-6.731642622781124768e-03,1.943892997419775434e-02,3.942859927030804151e-02,-1.457146733205104405e-02
1.885444776711203696e-02,-4.091113241396900253e-03,-2.721611265180161332e-02,5.758112924941282545e-02,7.275305841217756531e-02,4.615319315160598679e-02,4.563103043843060903e-03,-4.877040669812839069e-02,3.215489380748277892e-02,4.769082225583926721e-02
2.150037406895659656e-02,-2.123340065509827720e-02,2.796243811729824322e-02,3.032801739361073654e-02,-1.135816564869167149e-02,5.390091009175006741e-03,-6.772598770814666769e-03,-4.433673110107634596e-02,3.022111842078537003e-02,2.587078541611016400e-02
6.295543676391369969e-02,3.207497469249127181e-02,-3.022939693051642299e-02,-1.948071785258845279e-02,1.182271585188096052e-01,2.227214723865424129e-02,1.399856495127652610e-02,-6.339114487605497505e-03,2.864518217367136368e-02,-3.789208151834060068e-02
-3.666449035582049903e-02,-3.065191030008581133e-02,-1.086508784179293120e-02,1.404916502704211742e-02,-4.318009549074572351e-02,-1.807436282499018040e-02,-8.032935004412095417e-03,-4.605522646553573398e-04,-1.726875535661077932e-02,8.804284758903817287e-03
-5.756972874755038327e-02,-5.701818877024817517e-02,-1.085830753131733929e-03,-2.685891510301718129e-03,-4.293011856941771065e-02,-3.181782129658446145e-02,-5.059494018629419332e-02,-2.637619933432568120e-02,-4.962558593699190751e-02,-5.202878769491239841e-02
9.063701444568394647e-03,1.530876209114952376e-02,1.603027736362758887e-02,3.723215631374405393e-02,-1.067860214274092209e-02,-1.418983421536481292e-02,7.371881215494653639e-03,-3.409680856667660076e-02,1.327470935596791572e-02,-8.535564929430160264e-03
-5.372643479434667524e-02,-3.084162690005829224e-02,-5.276603528247583025e-02,2.892088307965019495e-03,-1.824968991253252820e-02,-6.714540955181144861e-03,1.289790569368864069e-02,-1.803282728904269383e-02,-2.993668481954822949e-02,-3.163036495972632034e-02
-6.166416700716364357e-02,3.902142025541809750e-02,8.953711752933735807e-03,-4.194907151277699892e-02,-4.907583985880581423e-02,-4.656420746164029872e-02,6.561737211922740419e-03,1.963957618607143144e-02,-4.946687478361707843e-04,-2.622334683351909904e-02
6.168458055906790409e-03,-1.244451414365100629e-02,-8.905755560816169814e-02,5.037172963685222077e-02,-4.240741100441307310e-03,3.297516121186586102e-02,-4.415366184146234108e-02,-9.515452191911999424e-02,-1.483346437907742503e-02,5.191503825698662311e-02
3.255961901763622379e-02,4.534767870256212023e-03,2.846302074661175019e-02,1.696957087874800124e-02,5.125565290346223435e-02,2.651018676725379331e-02,2.884428010564003483e-02,-1.081689201300054144e-03,8.433338055191441987e-03,-2.045742084674643038e-02
-1.013664574682179680e-02,-6.403122913673428562e-02,-8.161536206183363229e-02,5.393677795195041952e-02,-2.565546587857924291e-02,-2.715774841534395259e-02,-3.823729091033118560e-02,-6.052166862795233665e-02,-3.353135339494456302e-02,1.095151817393205142e-02
-7.018238028379467607e-03,-5.090159717716463868e-03,2.517473757468653706e-02,-5.219738232380296238e-03,-2.662346051563876936e-02,-2.463758948883630617e-02,4.831361648513610163e-03,1.059407272641036367e-02,-1.848923653981255841e-02,-2.172648225352050502e-02
8.476338175046917427e-04,6.129352412939124972e-02,-3.046162235482439626e-02,-5.036794443818007339e-02,-3.175643481902407864e-03,5.943766017536997182e-02,-3.511014561816953872e-02,-2.886783771625731770e-02,2.136433694701856539e-02,-1.299065868045559680e-02
1.350080414462142067e-02,5.464175381702843920e-02,3.321970316971925574e-02,-5.616065368182654449e-02,1.457721494827358619e-02,8.360131135793114412e-03,2.665818747627868301e-02,3.565428425945657565e-02,2.001220900605530512e-02,-1.908942065027669291e-02
-2.330302102976381309e-02,2.837924510072327433e-02,-1.241626363374217015e-02,4.181612841904973170e-03,1.817749152095550838e-02,1.391643077260325441e-03,-3.926455841721938900e-02,5.196504317930573935e-02,4.057870899696041506e-02,-1.393060783552625172e-02
-1.512660728296657923e-02,3.934777756156227629e-02,1.227259598612804800e-02,-7.866147403584967945e-03,-2.244822765123041450e-02,-2.217059559652406753e-02,-1.684750075430408930e-02,5.404130290851772572e-02,1.639677265198261763e-02,-6.774723548708619369e-02
-1.031211859894879193e-02,-2.432645844930335713e-02,-3.282321268504440059e-02,-5.658786807019700700e-04,2.964199423981283416e-02,-1.078206064276666237e-02,-6.430680985150853679e-02,-5.689352451727784643e-02,-6.095439252168392136e-02,-3.563363378575877538e-02
-4.847068225294966920e-02,6.745334399401047010e-02,3.705905516780920450e-02,1.645433083301304708e-02,1.011710211743769737e-03,3.736739209234592185e-02,7.257975781143130578e-02,4.310673628896682236e-02,-2.071987333837141745e-02,1.295119597873754108e-02
4.504144240834214840e-04,4.178683374261677082e-03,3.141822077549769748e-02,4.580215741537282947e-02,-1.355840011707729574e-02,-3.067330449168407733e-02,4.739170781384451732e-04,-1.126168124352051533e-02,-2.420408431381972439e-02,2.778977623857617138e-02
-1.305328226865245904e-02,1.093425818302674532e-02,-1.729327541102794810e-02,-1.789484157778608794e-03,-3.357494703012237069e-02,3.051901137189319199e-02,-5.254392221660510870e-02,-5.098814513396811299e-03,8.181361452133684500e-03,-2.065135455177462298e-04
-5.980015643119935762e-03,6.535711086406330913e-04,-1.962533718735058261e-03,-2.745707710908199938e-03,-9.922458720251091727e-03,2.168757800931007170e-03,4.743965995921532730e-02,3.135444723534116379e-02,1.314253350246204254e-03,2.283497502546059932e-02
1.986141382535063990e-02,1.065734496578916481e-02,-2.556696841818117266e-02,-3.228241343302189204e-02,-3.969279073639983557e-02,-6.412318053458211653e-02,-3.723781315332447273e-02,-1.361231412495874120e-03,3.120650973241929568e-02,-3.297426096230647585e-02
4.551307608402525157e-02,-1.746744677323469261e-02,-8.454467491774784321e-03,3.113000124777852082e-02,-5.389840783352304807e-03,4.790603200251889598e-02,1.038307314915678722e-02,-5.198060137797868435e-02,1.951064096310770740e-02,2.424962343618145694e-02
2.543527780163536926e-03,-6.402538761977272230e-03,-3.217544257874215691e-02,1.895065241155002161e-02,-1.329141182183721757e-02,-1.239130226302562893e-02,-1.838615265511908681e-02,6.066794967331360332e-03,7.398092030013630679e-03,-1.065139073580777251e-02
-5.094964969861508208e-02,-1.322172549998219468e-02,5.277910831042485068e-02,-5.276600107212171126e-02,-1.329475540167080090e-02,-1.510342853292966081e-02,2.230781327855280854e-02,1.358329961287017135e-03,-9.458609636610382232e-03,-3.025477889602612783e-02
-6.942843807880199128e-03,-1.234606658107322182e-02,-1.462228321298158704e-02,5.003979002331590542e-02,4.906024749856107564e-02,7.296303478128501885e-02,-4.498295203428867746e-03,-1.873110032110861245e-02,4.046695084594616187e-02,4.820182256147777927e-02
3.905436640910182888e-02,-1.353270717515415739e-03,5.107475134203058598e-03,8.028186767040074168e-02,1.067588688509157543e-02,3.408673626619876385e-02,6.191019292029843052e-02,-4.217051771722622744e-03,-3.906008572532839590e-02,7.879359293469344327e-02
5.941615399738962335e-03,-2.887095814338476452e-02,-3.561881067124395006e-02,1.553234804456891070e-02,-2.089396533212597995e-02,-1.766623995151418366e-02,-1.211914509486626719e-02,-4.925869720922380207e-02,1.415427003604025936e-02,-1.991185328968744089e-02
-2.690036899731990117e-02,-6.325592105410382526e-02,-5.066339457323153911e-02,1.604048257240412584e-02,5.860791757545387275e-03,-1.557870911252162314e-03,-1.617461478408746892e-02,-3.025329815909961334e-02,-3.890317648940575662e-02,-3.443118666450391274e-02
1.871545168927074218e-02,-3.801451200232131705e-02,-3.584487948539794716e-02,-8.107924772896865293e-03,-5.727092598376215364e-03,4.332797960730119802e-03,-3.751019170702904037e-03,-1.120593639605685886e-02,2.754075751406174014e-02,-4.433049664914619908e-02
5.696861503770934282e-02,1.999035756154178903e-02,-1.077955738947767791e-02,-3.206600787709625033e-02,1.596515608596889638e-02,8.444463029298972245e-03,9.441971028958360407e-03,-1.367118885728220434e-02,4.888234985495020640e-02,-1.772658931210127631e-02
1.587674781641519248e-02,4.834813885412120316e-02,5.664314071513631282e-02,-4.668834528932543776e-02,-1.841217028665274522e-02,-5.100638051978999277e-02,6.216637433603543900e-02,5.545763783690721427e-02,3.980447356725519414e-02,-5.038462714326873322e-03
5.664634729533316558e-03,3.609652131961502836e-02,5.294780450336123573e-02,3.888530489495829745e-02,-2.766436361955909931e-02,6.648874439339630404e-02,2.305097370656560354e-02,3.248168615725147840e-02,1.971872063894728952e-02,7.046173447037278048e-02
1.804193943068274977e-02,-2.168184411968821119e-03,-8.151389187239066469e-02,-4.031176018389510951e-02,2.830035552683731609e-02,-2.564851615336815292e-03,-8.540746154053299732e-02,-3.987702275490511566e-02,-3.834675118460935134e-03,-1.796328546866072379e-02
-4.396946232679747185e-02,-2.691856048478913702e-02,1.708088814627295796e-02,-4.595921009672759155e-02,-9.467562680046040860e-03,-3.247244378455694386e-02,-9.373077993706099235e-04,3.156660688300008677e-02,-2.348277255027810331e-02,-1.176394953854440623e-02
2.091456375435292100e-02,-2.595483957568545802e-02,-6.422271637584529673e-03,4.727884818525488614e-03,4.823997372709194070e-02,-1.984153671830687915e-02,8.092303593983607435e-03,-1.048537067740609903e-02,-5.470697209423160123e-02,-4.010693616601854715e-03
1.610120132267859466e-02,-7.674126764809137413e-02,-2.533640337244657311e-03,3.613460685636205733e-02,4.133675049517637756e-02,4.915444855875140961e-02,2.444299355440491747e-03,-7.498462977454761758e-02,-5.340288332415859922e-03,6.557916867118197997e-03
-2.066934289660309759e-02,2.738641665280218407e-02,2.112462114460145549e-02,-3.221427829975407470e-02,-2.289487601475382814e-02,1.281813888423776436e-02,2.030278903545718744e-02,4.398073498459904862e-02,-2.525376121326351753e-02,-4.610777374304042553e-02
-7.104860475142746323e-02,-2.429862761012469702e-02,6.495904340134921358e-03,-2.842409383566416037e-02,-5.721861824283614589e-02,-1.963026339891406347e-02,5.379835207518879163e-03,-4.898983848922677103e-02,-6.069399618158820980e-02,-4.230298323515595954e-02
3.714061261539979703e-02,4.973177270475404727e-03,-5.686415752846683651e-03,3.547012210900325063e-02,-8.766964712680777594e-03,-2.848842902634082103e-02,-1.338484338077579675e-02,-1.310936926329923317e-03,2.530130045210100126e-02,5.457312931128373984e-02
-2.234816918196260924e-02,-5.763792212341476567e-02,-3.812341745465311349e-02,-1.008312600942679570e-02,2.150298289476567856e-02,1.396464726193877119e-02,-1.100564600913965518e-02,-4.528049873576418805e-02,-1.519028579985323528e-02,1.346458168721687866e-02
1.426520104681437175e-02,-1.448501114007797949e-02,-2.544178018454010259e-02,1.203903734485380246e-02,6.038263617133652478e-02,5.186304050339577559e-02,-5.299982661663757422e-02,-1.533161255702431697e-02,1.039604144693346069e-02,3.392138477938032304e-02
-2.080081443848229641e-02,-1.844528713459082925e-02,-1.159792951842439530e-02,-5.051470972006919663e-02,9.422431186040946746e-03,1.977096247755407918e-02,-2.661940209777996502e-02,-9.048280444775562426e-03,-3.669935640747316874e-02,-5.057948669831917321e-02
-1.781279660723652722e-02,-3.185544008627729656e-02,-1.629813411793516742e-02,-4.103124935500036125e-02,-9.718168919211890577e-02,-7.302965769242000804e-02,-4.166258820513716460e-02,-5.607205509711510327e-02,-9.229063644649157863e-03,-2.557888031872587731e-02
4.353719698497295065e-02,-7.368093213105420501e-03,1.297535081239977600e-02,-2.600544891110309620e-02,2.352592484733160433e-02,2.984991149025053789e-02,-1.775127856634752324e-02,4.844927344282421756e-03,3.711929669367115131e-02,-1.475034937497271071e-03
2.654983746375925643e-02,-5.883495333296450205e-03,1.163361189587604379e-02,-4.528325759266446648e-02,-4.563026295659257381e-02,-6.877303001309675867e-02,-3.269481813490851541e-02,8.631703466845006348e-03,5.566773887658440362e-03,-4.259148271755611170e-02
-1.206634442258105316e-02,1.911946921642884017e-02,3.991817486289660384e-03,-2.168194389671156824e-02,-1.265623873855916022e-02,-2.504181294860650941e-02,1.248625239787409281e-02,-2.378363337302648664e-02,7.006052426629111839e-03,2.496964598662237619e-02
1.423740901371742251e-02,2.715507359533416223e-02,6.538268820069452480e-02,3.383421750045821630e-02,-1.651414802614268110e-02,-2.425998512103828483e-02,6.123818249351056786e-02,7.465792577105080652e-02,2.197016921533662126e-02,-1.154230204675595929e-03
-5.842299618472946918e-03,2.803234769453591749e-02,-3.843826651931266103e-02,-7.692060793279874645e-03,1.644210960011271636e-02,6.005809457102830387e-03,-2.648799370169761802e-02,-1.838973467148584395e-02,1.249537160998406490e-02,-7.518863282749896175e-03
5.228794524267897648e-02,-4.035646083075344176e-04,-6.466082960943588323e-03,-1.057529258341196633e-02,1.349862736490693195e-02,1.248483652401256166e-02,6.923265960222579028e-03,1.763525222898132839e-03,-3.076500022662241943e-02,-8.808031260983276243e-04
-3.261981775790404742e-02,-3.268084288099758900e-02,-1.407945457087269280e-02,4.612659960365688566e-02,-4.307189773500214730e-02,-1.263216270940382795e-02,-1.711410871393953884e-02,-3.226746432709907964e-02,-4.288781660868683752e-03,1.586570314056965844e-02
-5.500505676582963244e-02,-3.476009603901152566e-03,-1.124637184686040278e-02,-6.568598783600602953e-02,-6.971508000482022627e-02,-4.421809669257443370e-02,1.610924772508083927e-02,-3.661568291112714951e-02,-3.484323380443466595e-02,-5.475120914462740240e-02
5.642915950331597180e-02,-8.775750630877703073e-03,1.896419402906782473e-02,-3.597911961145262849e-03,1.349588969667915757e-02,2.219209598171729362e-03,5.878364720769079475e-03,-2.479494256547167333e-02,4.177853538766228281e-02,-3.723518580889301210e-02
4.890007161596180568e-02,-1.765655771104246777e-02,1.144698570791707198e-02,-4.774742775427395086e-02,2.728674500935796693e-02,-6.115686815163817909e-03,1.999591746067977058e-02,-2.669395564838039636e-02,3.034611838008147155e-02,3.234615020033524031e-03
-5.172164189889526253e-02,1.184921116894974190e-03,3.148616288960399273e-02,2.069312810949555312e-02,-1.368056921832939629e-02,-7.050139970999134975e-02,-3.701181551282871351e-02,3.218041313526443653e-02,-3.883106558025516131e-02,-3.516954630375427465e-02
5.417531307714554961e-02,3.635597718985643378e-02,2.207528450164199935e-02,4.243332076742113018e-02,6.990198248278978177e-02,5.338956317103944749e-02,-2.737005912380074957e-02,1.558998050915101109e-02,3.703836255838618280e-02,6.611811591884676764e-02
-6.298295827951918592e-03,-1.724609058252456195e-02,-9.270855829362205369e-03,6.395154374581949993e-04,5.848177858465729469e-03,-2.215324341879376657e-02,1.347287711280494536e-02,-1.089477319963183012e-02,-7.035795113424404487e-03,1.780068036909424403e-02
4.214168999785636305e-02,5.864488019114920403e-02,6.568348880626090347e-02,-6.710149962544957603e-02,-2.665903560129816857e-02,3.237308071284947936e-02,4.730735237263508641e-02,9.309033324175697288e-02,2.599638718113498476e-02,-5.701976464606452882e-02
5.205841886175768124e-02,1.513254750842240801e-02,-8.042569573691332350e-04,-3.613916473822040287e-02,-7.477703521753057900e-03,-4.503094656950502178e-02,-1.145295576869499038e-02,1.103536560437993856e-02,3.155140073950681717e-02,-3.681039135312540178e-02
1.565340352770400872e-02,-1.631503813003930964e-02,3.739305080597759429e-02,-3.165722004248482102e-02,6.850295810366443389e-03,5.460042944836541491e-03,-1.260413778134557468e-02,-1.672819957950930775e-02,-1.498976555244636681e-02,-2.664222026139389729e-02
4.841874724979919331e-03,3.618440885154911024e-02,8.170370503858629882e-03,-2.189774058074816024e-02,1.948842835651579813e-02,3.253073076684077219e-02,-1.544756520504976700e-02,-3.605308074753052483e-02,-6.632960796265167935e-02,1.415824768526808067e-02
-3.645059548289836249e-02,3.320660768881470663e-03,-5.779075114554653447e-02,-9.548790562880834099e-04,-3.077540217256138563e-02,-1.809487016333621162e-02,-5.500451377946583009e-02,-2.638242734472531423e-02,-1.885434359137835164e-02,-7.924032325477085512e-03
2.637873062090662080e-02,-5.134110065679411972e-02,2.434654489882468863e-03,1.725393913334096266e-02,1.735918144874667307e-02,-6.096577757388478916e-03,-2.045454559300654770e-02,-3.221868417356257147e-02,4.783399114640702991e-03,7.191757905208233034e-03
1.500356358525614490e-02,-1.526245270037177547e-02,-9.668272835954077118e-03,3.952031728988804338e-02,-1.829730731315404313e-02,-2.870361269387034907e-03,-1.041337678679253413e-02,-3.747199610827899735e-02,-6.317492096884810837e-02,-9.275414346671940341e-03
1.846250028569664664e-02,1.802223866277454217e-03,1.488495584688859404e-02,4.155687428670708228e-02,7.050517869131321669e-02,5.531654708289339070e-03,1.623624220727267614e-02,-1.265015127237524746e-02,4.397326855496017789e-03,4.205871963305856526e-02
-5.857816102910703288e-02,-2.404171153912763263e-03,-2.105564111586736772e-02,2.337359328175650942e-03,-2.849542815110417057e-02,-4.645046157876732418e-02,5.925806420345726584e-03,-2.034654975580652003e-02,-7.229817921704892458e-02,-3.281762702313575919e-02
-3.818747982472401551e-03,-2.388353488508969044e-02,-4.276835212849915829e-02,-1.797505779414887081e-02,-1.487559687990879821e-02,4.409425726059395569e-03,-4.114418533806074585e-02,-2.755839165873552946e-02,2.105418769997690481e-02,2.997606584519390063e-02
-9.167674042541838113e-04,1.013632185855025368e-02,-1.632881714737396961e-02,3.244820772371697498e-02,2.234963977223157830e-02,7.142869206898514421e-03,-1.849310029890603724e-02,2.193967068006999997e-03,3.610968801117800386e-02,1.541898824808400625e-02
-3.939811970296851901e-02,1.938490453966364158e-02,9.114851211718648242e-04,-1.814165409758472514e-02,-7.332266781070816142e-02,-2.685674351731859311e-02,-5.133628200411782111e-03,7.706946047158691124e-03,-2.367084239712816205e-03,-2.750615823085076142e-02
-3.689815762200604476e-02,1.135828882307975130e-02,1.281819898235737713e-02,-1.881559580752176219e-02,-3.596419128948075139e-02,-4.062063730306281033e-03,-8.844014486394203428e-03,2.318663195365897045e-02,-3.296623309267173590e-02,-3.220819634773690321e-02
4.641139796721071437e-02,-1.153747208099514462e-02,-7.780215838656189681e-03,6.653607047088491711e-02,3.345849623699316544e-02,2.845911616802436483e-02,4.533267153986320769e-02,1.073633400146328971e-02,1.108793767698178744e-02,4.845059325301012687e-02
-1.949613739967360343e-02,2.087337414935168042e-02,-6.037030500385251117e-03,-1.589545850343876063e-02,3.574844984108314222e-02,5.079377285445887957e-02,-2.222209365985515842e-02,1.589048958868575362e-02,-7.836076930301973456e-03,8.445606134039007618e-02
-2.763857459333324967e-02,-2.324839837888860797e-02,1.909315753295707380e-02,1.570383771174384963e-02,-7.047702242468566365e-03,-3.860475202552364569e-03,-3.408958279216325188e-02,-1.418192838852037722e-02,-2.094851203010079585e-02,-4.489704882743567223e-03
4.086189134791298055e-02,-1.395391383463593510e-02,5.482070635450759372e-02,-5.368037213583982253e-02,-3.806717017245591500e-02,-4.201908518978508117e-02,1.399689852007724236e-02,1.008192596191988255e-02,-4.538108721182361992e-03,-4.660081988544913928e-02
-2.414077817247224644e-02,3.373917938428756119e-02,3.393798820039742228e-03,1.184155842646964114e-02,5.306155436703538682e-03,-2.869963163770818115e-02,2.413779912503620853e-02,4.529741403054036650e-03,2.783897084448674203e-02,-3.095746085934852551e-02
8.857797663855672410e-03,-7.573387633805364963e-03,-4.596253315348530766e-02,-1.150499935263053775e-03,-9.413559521397479174e-03,1.403853286347645814e-02,-1.479763006697799171e-02,-5.381661516240142384e-02,-2.226193253691106932e-02,4.570575863382244503e-03
-3.418762033621265684e-02,-3.201226716756404994e-02,1.463547267594383049e-02,-2.861490393009049130e-02,-1.819778749517882849e-02,-6.390490888899318274e-03,6.790387736502236961e-03,1.199294328363592274e-02,-5.161388933607092416e-02,-2.943067822600746453e-02
-1.190625108222338486e-03,-1.297674379394445944e-02,-2.367732461294523236e-02,-1.810225768921348496e-02,-4.305602738340442298e-02,-5.006448310705804983e-03,-5.784412799935300525e-02,-5.071586408164962395e-02,-2.518651156480301509e-02,-1.785904921652390134e-02
-1.309671402548896225e-02,-3.528720401821149218e-03,1.871488876650586469e-02,-5.189316944051585584e-02,9.027133451587288082e-03,-2.609978315281040809e-02,3.277389998827495016e-02,2.982349403995308845e-02,2.759514076445149233e-02,-1.585027506642247216e-02
1.589745139998319234e-02,-2.954666461843487996e-02,-2.526559424018812172e-02,1.113050714180158912e-02,6.262104230531462257e-02,4.160664235506630892e-02,1.026907056184615634e-02,-3.266702512922953217e-02,-1.331964043874097128e-02,5.819624847662770162e-02
-5.452206325699048700e-03,5.101926432771786840e-02,4.453492076639320452e-02,-2.810422289860171202e-02,2.781031560644032716e-03,8.713414085436875511e-03,4.270751566509974062e-02,4.955171391653275664e-02,6.349462901703799463e-03,6.135656759011182647e-03
-3.543871177214409640e-02,-4.223736949509068750e-02,-3.392106186796581963e-02,-1.073456456608437581e-02,3.885592499861772325e-02,-2.001943379021297459e-02,9.951993218235670111e-03,-3.139188762629217810e-02,7.371363851611385494e-04,-2.864636061102798087e-02
2.274362160238083911e-03,-2.975215542935593510e-02,1.609970250656810389e-02,3.303273459514875776e-02,-1.981134535374752190e-02,-4.776995944369263197e-02,-5.210664254690875428e-03,1.669836641550845671e-02,-1.828549308782952132e-02,-6.699217626023505970e-04
-5.401550033427213009e-03,6.784831610858715889e-02,3.494787588155435359e-02,2.590889582396321139e-02,-3.870923465807192543e-02,1.342571484789404149e-02,3.177681795461140268e-02,1.684702448584744425e-02,1.086308976062682480e-02,2.603553695957930986e-02
-5.534254153606072042e-03,-4.667009160729015949e-02,-8.704891869220690581e-02,2.634725725060768024e-03,-4.169184082415361425e-02,-3.338575838230863763e-02,-5.294402393788037037e-02,-8.147673273191438637e-02,-2.522386663085169137e-02,-2.484509349621213947e-02
4.898352394010364180e-03,3.804319484685852321e-02,4.959110001771910303e-02,3.812887045753945298e-02,-2.983448353983604671e-03,1.521562567223041194e-02,3.391620405516004161e-02,2.877424836342729747e-02,4.861527773591350909e-02,2.427689436176387952e-02
5.864273409780094981e-03,4.480702209483854344e-03,-3.347231363233801101e-03,2.629689519780616103e-02,-1.092509266998526254e-02,1.914845605362369045e-03,1.565556220087343728e-02,-1.646256405428117575e-02,-2.002358362419093957e-02,5.879572976963736569e-02
1.718586621808751652e-03,1.504173051097282450e-02,-1.579542993399430523e-02,9.213954800343028724e-04,1.297692464813518694e-02,9.876707333231909275e-03,-3.920933158277759532e-03,-1.107246030212433521e-02,3.241431703070075162e-03,2.048346972944610142e-02
-3.691369920710148994e-02,-3.087089675673326816e-02,-4.796906256500201721e-02,-3.510653665814622570e-02,-8.190920754630199446e-03,-2.945710724601089455e-03,-5.543702985598977090e-02,-2.038860193510757049e-02,-2.169994615632270946e-02,-1.255467255227919743e-02
-8.451944111656377366e-04,-5.640543799826285704e-02,-7.284773306597957122e-04,2.764444188245418141e-02,2.885912549315709091e-02,-1.418586632236733345e-03,-3.262417212971939484e-02,-3.836601356557404335e-02,-8.045880274582726394e-03,-9.771923474787523600e-03
1.776666331145129035e-02,3.324057075635463224e-03,-1.575165452748102102e-02,5.295700966050715525e-02,-1.067089065623241101e-02,1.114293843042039704e-02,-5.494602398009698629e-02,-1.312366427184491306e-02,4.063969943562227224e-03,-4.091791869955607557e-03
3.284261465863062140e-02,7.637351125647147757e-03,1.425965707863774412e-02,-4.270459430452891968e-03,2.357142317767027973e-03,-3.780224522424204675e-02,-2.268693270297194101e-02,3.208392979791847930e-03,-1.224905805877482025e-03,-4.112350851990637796e-02
7.440086995553948923e-02,-1.465918508746474024e-02,-3.754064701510789054e-02,6.503588666137113949e-02,6.984525014177189912e-03,6.235936668128282123e-02,2.406972847347338840e-03,-2.831880351736900184e-02,4.249268286879653855e-02,3.343255754597890261e-02
1.840536047957953836e-02,4.732850817690051337e-02,1.415953455230778424e-02,2.394112508041205262e-02,-9.246165177589796367e-04,2.562529549266188283e-02,1.362769750020685795e-02,2.905794600471764064e-02,5.426548732526024349e-02,1.590718975297137489e-02
7.831801719237548032e-02,3.035850483223568111e-02,2.944721838201140585e-02,-4.963947054875526843e-02,3.355110420350676526e-02,-6.910412995407248272e-03,1.960724299757448871e-02,-4.127549981699201419e-03,4.154165089972616104e-02,-3.939152421914172975e-02
-3.137322804178425267e-02,3.663868744473408080e-03,2.053043003567371974e-02,-2.323972725547156226e-02,-3.604995612390314574e-02,6.501808337865013073e-04,-1.229107016407083273e-02,1.331570237346355219e-02,-2.656901024690400126e-02,2.073610648831507308e-02
1.391459989413057485e-02,6.640072976918280634e-02,-2.743031657943228660e-02,2.967078766634430320e-02,5.755496337777128019e-02,3.368336930359623962e-03,-2.474357095626460255e-03,2.964729809387458767e-02,1.689534502931477195e-02,1.716559195504083549e-02
2.914819399010544834e-02,-1.848212926051094260e-02,-1.537776441265194076e-02,-2.739374854860668340e-02,-1.772340422553183702e-03,-2.249616775014047498e-02,-4.795858079030039522e-02,-2.874864019484445199e-02,2.661402562986863504e-03,-8.314767411660749577e-03
-1.501609526831447494e-03,-1.834041639079063771e-03,6.641872648361969722e-02,3.934191293076087781e-02,7.793468167458642015e-03,6.961271587654270510e-03,3.900591142955796287e-02,4.226843462340320462e-02,7.032159651291339068e-03,3.979032934404796128e-03
-5.182660624896367682e-03,3.439245288281483209e-02,-1.617657890560132575e-03,1.717044647986211078e-02,4.388397045272805080e-02,4.728156662392130061e-02,-3.793179593696631609e-03,1.986814578994020725e-02,3.535972640237441261e-02,5.682090293747400073e-02
2.546323023541020511e-02,3.137596099074955319e-02,-1.172158027262416684e-02,6.020625526566273505e-02,7.597045275198409386e-03,3.175962450667531300e-02,-1.559716016605224194e-02,3.659686901542472115e-02,2.167973206927183843e-02,2.929711603047572763e-02
1.938516804576120856e-02,5.843413686112581239e-03,2.390453336923781952e-02,1.173569300177858439e-02,-1.053591830719260471e-02,-2.382558705049675485e-02,2.770428179011710443e-02,3.461935000335084056e-02,3.331610838659836843e-02,8.417313734754024168e-03
-6.504874874323141563e-03,2.467237187116391381e-02,8.397096204799035096e-03,-9.966128276398159014e-03,-1.173651772871977736e-02,-1.343866961369247909e-02,2.495495184754116524e-02,-3.303422562532135759e-02,2.261658913511866223e-02,-2.127826586322765362e-02
4.515525834525255938e-02,7.709935359486506934e-02,5.320281081016222519e-02,2.851831075868910530e-04,3.646750489905192794e-02,2.286263220064043908e-02,3.041987023696638565e-02,3.828489034904059007e-02,7.303224548357878376e-02,1.800088094247716220e-03
2.988910446961026354e-02,2.160967292056396871e-02,-2.510817585778812519e-02,-1.302932635133455253e-02,3.790467330849950356e-02,8.970345194411633721e-03,-2.391370608064562892e-02,-3.655969250979804186e-02,1.136337471764462849e-03,8.557627280157454469e-03
-2.684259926337373078e-02,-5.261040649940239289e-02,-1.577962983818024731e-02,3.017022824249144738e-02,-2.341900695754446302e-02,-8.844714586682459172e-04,-2.261742140952982538e-02,-5.186063692305180328e-02,-4.676075360475438758e-02,3.447079768939614874e-02
-1.866958118685824869e-02,5.866119340737707515e-03,-4.459934988719165688e-02,8.516557607336355806e-02,6.011492649792744142e-02,3.946768850716082105e-02,-3.442533029340517914e-02,-4.425996034944462004e-02,2.081431253781295537e-02,3.874826121330874479e-02
-6.033389597040695641e-03,-3.131783786431689004e-02,1.475853221992248256e-02,4.089577717937940490e-03,-5.663675634157088780e-03,-2.263544546181625594e-02,2.563393498254772432e-02,1.819396240601780027e-02,-1.442315735091084100e-02,-1.465979354903806930e-02
-1.711939194855441326e-02,2.550176891492920636e-02,1.979603904523803692e-02,-2.138913812376290122e-02,6.093378262566090386e-03,9.766860378732837231e-03,1.744704667824261562e-02,1.802200262665257235e-02,5.238382524920838328e-03,-2.484793649438440249e-02
-2.605722547766108413e-02,9.728583909683532344e-03,-2.908723855605813494e-02,2.209739387691337167e-02,2.020217601102935329e-02,2.422543162129339733e-02,1.708921606093522644e-02,-5.302707473212593496e-04,-1.713585338795345012e-02,2.572466792875956546e-02
-4.527506031133404600e-03,8.809756583943751176e-03,-3.634638452139787868e-02,-5.795266087278760914e-02,-2.215132071466999891e-02,1.635541004301092893e-02,2.092406307176586031e-03,1.505796620815570697e-02,2.355472376203102819e-02,-2.619411297287807180e-02
2.274427353056105577e-02,-4.045758760197252363e-02,-2.280207614591860804e-02,3.071494070611715740e-02,-8.279235506688107510e-03,-4.244181296305282736e-02,3.231066869756797633e-02,-4.599559017764137669e-02,4.552015023259436445e-03,2.906059733088234634e-02
-3.018419773787702973e-02,3.044952356884236822e-02,4.239622099893376045e-02,4.347670211121287820e-02,-1.457305906572088292e-02,-5.595057313903469692e-03,5.224713477920644306e-02,5.425644464950595686e-02,-3.901595158286744192e-02,1.039319610008194051e-03
-4.359628992669805671e-03,-7.626004046828538038e-03,1.669798923467592441e-02,4.617406245349544441e-02,-2.387893785069628103e-03,2.426380083099058740e-02,2.186909068375444617e-02,1.326834690497412025e-02,-4.612086532871482319e-02,5.581903808029684694e-02
1.789934345530988340e-03,-1.888250214967945742e-04,-3.548485292255617457e-02,7.545264401423807700e-03,-4.687929619395254238e-02,-2.161677292035083311e-02,5.917557257945584709e-02,1.787143061626330839e-02,-1.709006082446298813e-02,-2.686130456988919391e-02
-3.359662138893032557e-02,2.609435945510808763e-03,8.290170746368634783e-03,-2.175126459442546650e-02,4.972150713308663705e-02,4.387039086394656923e-02,3.190465534174444229e-02,-2.578825132550950638e-02,3.429950833754600442e-02,3.288743348533037375e-02
-2.295374553371784185e-02,4.181858741201599505e-02,3.334864710622248863e-03,6.811259937502230077e-02,-1.102140571070065779e-02,5.211273288048193231e-02,-2.173752741125878699e-02,-3.682817011466889192e-03,2.706462434663076469e-02,4.594262552300983765e-02
-9.370401962730993224e-04,-1.351893869104437297e-04,2.587340856431686459e-02,4.675554846559708960e-02,3.747674535526753642e-02,2.517518579814806770e-02,3.997323411051610653e-02,7.818629122812247034e-03,-2.600383538553104404e-02,4.653963503717790939e-02
6.534969650167620761e-04,-2.309086743113962156e-02,6.143050820024103381e-02,-5.164282745376736969e-03,-1.751863200591422670e-02,1.965055447079343265e-02,8.431023408163434985e-02,6.536980304926383323e-02,-2.463992985875019387e-02,1.819167212157426008e-02
2.738566897805332686e-03,1.156770222281917199e-02,1.781143962568287192e-02,-4.587134977826585330e-02,4.952201097972369409e-04,-1.830601829606242834e-02,2.790812185334446902e-02,5.032740685075508258e-02,-8.451081825134206665e-03,-5.882315660296496412e-02
-5.430901273522577115e-03,1.084824984253161990e-02,-8.574130404061387767e-02,-2.158737975849931920e-02,2.529412556008463209e-02,-2.565994707747116729e-02,-4.187468763871038391e-02,-2.131261824911551139e-03,1.358330296329639947e-02,-7.172348984544061126e-03
-1.122549069414753749e-02,-1.914750944825821533e-02,-5.437985951143376080e-03,-3.538716571503491143e-02,4.195806085608657504e-02,-1.254378504629651871e-02,5.966115524871450776e-02,-4.857129076504209525e-02,1.880411592926219642e-03,-3.622258735887017023e-02
-1.150208585585338165e-02,-9.362899202022718914e-03,-3.807511431385475487e-02,-7.076831580347500532e-03,-7.414189168959951998e-04,-1.818767676307487743e-02,-6.719236906639031170e-02,-1.732235214911046275e-02,-2.833974935850238491e-02,-2.386469425203344499e-02
-1.098267369073103843e-02,-2.261420110648499834e-02,6.962729655430896503e-02,-7.067294546636508201e-04,-7.151393312431791188e-03,-3.276635704273565819e-02,3.706203574292784436e-02,5.504454655191096113e-02,-3.357848003026829564e-02,-3.905161489847804035e-02
-1.394325601922271826e-02,-3.281762646114989163e-02,2.680663724054219155e-02,2.523020293185596410e-02,1.179836859843702915e-02,-2.570455240866555136e-02,2.834220640172539774e-02,1.003216018299908467e-02,-6.765880977618646264e-02,2.669709287915363570e-03
4.520240401543933889e-02,6.673984719460997195e-02,2.179955226001390953e-02,3.069535011369722149e-02,3.531617294715763689e-02,-2.156613594281785520e-02,7.419700163273818504e-03,5.676115183909206247e-02,4.505462313905294475e-02,-4.087765164005321625e-03
4.433644914330837211e-03,-3.996223920430260791e-03,1.097792274535540520e-02,1.428040169851532183e-02,-2.270268717036656031e-02,1.904435970148767726e-02,-1.865045322556064047e-02,-8.490634770622191435e-03,3.913470239303058762e-02,3.369437293994762689e-02
4.728187302012211153e-04,-2.389608605306595135e-02,1.476913060295156899e-02,-2.308961545468368043e-02,-3.702893633737729118e-02,-1.918272859701091251e-02,-1.470076773805037429e-02,1.778249059283590686e-02,-4.761619341405021189e-02,-7.258478491870653431e-04
4.093597069674698163e-02,1.939652896493640130e-02,-1.642710750803766384e-02,1.250123542943848854e-03,8.776790819344232678e-03,-1.599663182203621414e-02,2.091802366844063357e-02,3.103920507661000680e-02,1.873155948434420542e-02,5.756003808308901570e-02
4.864796418294858177e-02,-2.612567828471932738e-02,3.246053068362374922e-02,3.544507404455458921e-02,5.436565852720499914e-02,-1.491292722243813679e-02,5.756541482618270089e-02,1.531540125791767612e-02,2.599914777757927203e-02,-3.433140394933190207e-03
1.981919663559038400e-03,-2.165633096220133738e-02,2.152000352441442096e-02,-3.234892963813901928e-02,-2.979025881336274089e-03,-2.156402113239752269e-02,-1.258256149137569439e-02,1.653994905362915144e-02,-2.356619438137267514e-02,1.186775088983509086e-02
1.289528190368730703e-02,3.846867606358175123e-02,3.104336009499993748e-02,-4.941944584813225821e-03,-9.945506764134917025e-04,5.923552022586785204e-03,1.452377503421211670e-02,5.550644616524612329e-02,3.241891059988692009e-02,3.055577692490863556e-02
-2.315252167045238167e-03,3.754877609551061923e-02,7.463761075877390488e-03,2.873868968589409975e-02,7.280295969435552662e-03,-1.248351957639495672e-03,-2.038885120254274944e-02,1.854407272814494884e-02,2.980758225808075382e-02,1.373606606208594393e-02
-1.193805267825421602e-02,6.098239127577973449e-03,-1.540508513291126771e-02,8.387285771883799465e-03,2.386094363332745549e-02,1.205322724850132858e-02,1.639118262526984698e-02,-1.642631229323181230e-02,9.744846076373624155e-03,2.361224841553517459e-02
2.685786029191637031e-02,-2.001740242354949420e-02,5.291447169333522368e-03,-1.516248448365059218e-02,9.636802613795373770e-03,7.243829581584785779e-03,-1.460778330465464445e-02,1.880188559609334217e-02,-2.024751735820620388e-02,1.097301210410313484e-02
6.914790211873670170e-03,2.373309306083266901e-03,8.434882704741368531e-02,-7.759607853588283352e-03,2.926632148508964693e-02,3.473532176849061098e-02,5.584276036958167599e-02,1.892234285510230665e-02,9.058472633917805106e-03,3.262251347437252619e-02
4.904955606674840651e-02,1.042822689109356056e-02,3.963592139740798733e-04,-2.630495143836806757e-02,1.632676519485496205e-02,1.205307746762540946e-02,8.917038518731547694e-03,-6.825017457649224135e-03,2.366897765885900978e-02,-2.156212905209548610e-03
-3.280616210039016128e-02,3.007544383019206125e-02,5.806349455136205345e-03,1.811452634377262727e-02,-5.620950254950821123e-02,-6.233581000677736877e-02,4.586086333706203277e-02,7.310960877869555896e-02,7.480835588320282163e-03,-2.463614726502803831e-02
1.671823237339714260e-02,1.201420969189534275e-02,-6.574836561809746516e-02,3.601658357684069112e-02,3.761157138667420990e-02,3.220415597916088252e-02,-2.227969839776552594e-02,-1.236129723934210195e-02,-1.304282043087555583e-03,1.172143092151365848e-02
3.415961713612833406e-02,-3.836122674526646313e-03,-2.243043277877167577e-02,1.431615864654524513e-02,1.190189425413314822e-02,2.708007295381057583e-02,2.841404183642048595e-02,-1.657455355907186271e-03,5.157660557369814908e-03,2.818479153839634210e-02
3.590355986892384416e-02,1.627970260462363247e-02,-1.201750328236160167e-03,-1.011241486830071444e-02,2.649649157803676824e-02,6.018346770740607560e-03,-1.655182167115850159e-02,1.118541810298156287e-03,4.329543075788088585e-02,-2.410433180369848591e-02
-3.102737401356811010e-03,8.110290512523743098e-04,-4.274566642481954226e-02,-3.852923510682418513e-03,-1.582769405966186552e-02,2.357741169717325266e-02,-6.355973969201719753e-03,-1.888818640920428976e-02,6.237605684739353992e-03,-2.215699914966734810e-02
-5.939522027058412312e-02,1.599424800479943426e-02,1.395120227881418463e-02,-2.614429267961866990e-02,-5.605308767336096565e-02,-2.747742965313854091e-02,1.693850116466735778e-02,-1.482912642136538853e-02,-2.266301956258475608e-02,-2.772348188654886678e-02
-9.845355687971581171e-02,-4.627975562706341042e-03,-4.809895300457384115e-02,3.775722616256123841e-03,-9.110048514492948002e-02,-7.414577172687289441e-02,2.387309625796671104e-04,-1.000558883633693649e-02,-9.556949189346923904e-03,-7.826861582632972658e-02
-1.468113512249493054e-02,1.880894925652270080e-02,2.850996230082769936e-02,-1.634705248652352019e-02,-2.068482931862344193e-02,-1.783044541080732598e-02,2.754002984419831254e-02,6.057572342981183168e-03,9.745104450071493188e-03,-2.937652224424992797e-02
-3.612426670510177074e-02,4.384931922198599674e-02,2.662960248073615796e-02,-2.979599045368797050e-02,-7.679318326311994347e-02,-1.375684635933488616e-02,-2.523018077368083603e-02,3.271136403017849137e-02,9.307021837402479347e-03,-3.395419492841979248e-02
-2.495425404627021546e-02,-4.091025602700865127e-02,-3.434551268359913728e-02,2.223729704572462249e-03,-5.157421886176516423e-02,-3.152311292849020036e-02,1.324973963002632187e-03,-3.614029287812004637e-02,-3.152258062832437313e-02,-4.245068038219929063e-02
5.803290584253951653e-03,-3.311164361538310869e-02,2.273462889358597930e-02,6.930471111203757861e-02,2.405781564432393424e-02,4.014436399485982188e-02,1.294788708696874811e-02,-3.878764123974622752e-02,-4.401066887510338144e-02,1.011040816271790987e-02
3.760217490353131436e-02,6.121238941790347471e-02,-4.663977068962134320e-03,-8.679895693335366522e-03,5.201689068068970911e-02,3.982493241362542596e-02,-4.697040161219584974e-03,-2.874049790043326381e-03,6.527526431091471015e-02,9.984371772524527552e-03
2.577924148503304633e-02,2.532084180980398447e-02,1.738879510805633327e-02,-2.129868054401112820e-02,-3.067859945167188476e-02,-3.451388149383451814e-02,-1.732639410162556057e-02,4.378004304470977520e-02,4.497243636741343059e-02,9.045330821085348014e-03
-1.787422899606993035e-02,-5.311225509365491426e-02,2.415087285574473233e-02,3.610803080367674250e-02,-1.875244402249184872e-02,-2.843181506572030936e-05,-7.262751930430049428e-03,-1.518200828704190618e-02,-1.284142941705073045e-02,-4.079021132760509566e-03
1.730685823904355020e-02,-8.312160286880861809e-03,5.515872216773128056e-02,1.213283016942299543e-02,-1.114862199998057322e-02,-1.717250116865163753e-02,6.742926987387802377e-03,9.311843230790560477e-03,-1.060467719548563795e-02,-1.080957631389159110e-02
-1.373966676686387209e-02,-9.976703610191707886e-03,-2.596773615573064534e-02,5.456256888917300485e-02,-5.011858551269760681e-02,-4.349359082115959729e-02,-7.726007150611331580e-03,1.269522494801788616e-02,-2.070734149383113287e-02,1.876802537259906686e-02
-2.139534334885639238e-02,-3.451141385512977722e-02,-3.980308473849832746e-02,-1.435970376350169213e-02,-4.511750519102319945e-02,-2.862414104140048945e-02,-9.430989139844863853e-03,-4.020421388531932906e-03,-3.236798931374795102e-02,1.745613095080878092e-03
-1.832592273030232352e-02,-4.965568402520489921e-02,-9.314263389131993698e-03,3.818957875575388489e-02,-3.187552474766893601e-02,-4.277672925847719743e-02,-3.658895261494402203e-03,1.308802239242973058e-02,-3.796183660097553203e-02,1.417808904776164496e-02
-4.768696365679735150e-02,-1.510713950231245932e-02,6.762936028494332535e-03,-4.505476941447797423e-02,-1.198582830149819665e-02,-3.921675134771713395e-02,1.312319920686578004e-02,-2.814790820670795557e-02,-3.757182633171421426e-02,-7.440580408711278126e-02
-2.631850980439467622e-02,-3.774650090557793436e-02,-2.285597679465097357e-02,-2.982325164809120077e-02,-1.315241426973595001e-02,-1.834946568293096018e-03,9.104466748087852376e-03,-3.986161708499275091e-03,-3.127302625371903747e-05,-1.722309122194688041e-02
2.126758549319441097e-02,2.514001153087553134e-02,-4.878320702929277164e-02,-2.213121078617768384e-02,-2.476112378490582383e-02,2.233105215317399486e-02,-1.672854161143842375e-02,-3.005028910339974796e-02,2.974999047236597319e-02,-4.302126128383609166e-03
1.083171960446940689e-02,-1.004667320459989507e-02,-4.839920606518581525e-02,2.266343660429602502e-02,-4.396032815976540914e-03,-3.312589991910461912e-02,-9.593666552258098279e-02,2.233266899337357433e-02,1.049568669100983155e-02,2.151563564885578331e-02
-5.877682171913992115e-03,2.081226986714497865e-02,1.224123557910469957e-02,9.656627889304575385e-03,-1.369849780032159981e-03,4.168023864440949938e-02,3.561451953068541648e-02,5.515025349577754032e-02,3.180289818928688089e-02,3.368822684180367705e-02
-2.088829539041657871e-02,3.668052412778970497e-03,-2.326630293437410759e-03,-6.623611380728363501e-03,-9.408781609429933343e-03,-8.274422572138425205e-03,1.382363761581647220e-02,-1.869376804701357656e-02,-1.773750264704651580e-02,-1.313144576565972513e-02
-1.670998158188478216e-02,-2.960090380669175292e-02,1.134354687719417096e-02,-2.914700394250753501e-02,5.595064063525233104e-03,1.469884674922725121e-02,8.955909531680024405e-03,-2.511290981480259962e-02,-2.300715553605653992e-03,7.464480268512925509e-02
-2.867753039591516492e-02,-5.984333671633629975e-02,-3.867258525633577443e-02,3.300598003032362282e-02,-3.083562203724993928e-02,-6.838305543340974678e-04,-2.329841021353671812e-02,-3.743756571040116055e-02,-1.524674201897972294e-02,-2.279491278044596531e-02
7.273506610671659836e-03,2.580860562350502374e-02,3.232955781970896225e-02,4.151453944309188397e-03,2.463964766267883258e-02,4.741750225841154243e-02,3.934019956292227754e-02,4.665943141739691685e-02,7.070699611841811325e-03,1.602615641011212455e-02
-1.918328982103914863e-03,1.476639963461334661e-03,1.979599030362070092e-02,1.152476256072777760e-02,-1.748743138062489738e-02,-2.614420890462041888e-02,3.743387468511445606e-04,-2.181068446321706572e-02,-1.638113407495916246e-02,1.975216821886217541e-02
-1.973272494555652901e-02,4.270067483663105012e-02,-2.193471263906447005e-02,-2.902476199819644873e-02,-2.268111654452678247e-02,-6.220223960313319561e-02,-2.201796622091621233e-02,-9.782988384093327730e-03,-2.349138690342258973e-02,-6.081113109243529991e-02
-4.803075749482977469e-02,-4.076259743575148115e-02,-1.799110615696844148e-02,-2.234820480805789489e-02,-3.604790292251180972e-02,5.531577042211175722e-03,-9.754007773818606716e-03,3.585278303714153902e-02,-5.949496089107540742e-02,4.003733236582468664e-03
4.146416826564323227e-02,8.164310787340731818e-03,5.619205941742026061e-02,3.186927243680123811e-02,3.283046883498442342e-02,2.237616193936938641e-02,2.238251399014739434e-02,-1.232426512609743376e-02,2.057265801369936864e-02,3.278419096781565872e-02
-8.881874499752216712e-03,-5.627722439115959846e-02,-2.138410615409096216e-02,5.787672750297007812e-02,-6.256727341559974653e-04,-1.796998172236256158e-02,-2.216966814652939280e-02,-3.877511549546806130e-02,-7.274877088677337948e-03,5.460801417231622712e-02
5.733466625641621406e-03,-2.364523242367955538e-02,-1.916191925409749947e-02,-3.022641371925074028e-03,-5.377991026183209095e-02,1.628490521847639899e-02,-6.234232780546892887e-03,-7.187642204105193500e-02,-4.119029309722558457e-02,-2.776038997931406030e-02
3.000580665109735257e-02,9.123564868386206672e-02,-1.418405658306964683e-02,1.864993645216762863e-02,-9.870798515967390413e-03,-1.708210727398808441e-03,-1.598054038659608945e-03,7.279414474591121287e-02,2.996118037444210624e-02,2.115330701252687504e-02
4.062980299554730390e-02,1.111162720870126526e-02,-1.907724054803468239e-02,-2.129706973263784803e-02,-4.678675081042247760e-03,3.098868843511818488e-02,4.424884018312227191e-03,-3.191619712291599974e-03,1.754362655210869870e-02,-3.714527139681154944e-02
-2.702624585788838268e-02,-1.982184907622297487e-02,4.639275382167996203e-02,-1.983637128383690384e-02,-8.298287333025398602e-03,3.581716284635374364e-02,6.651477605097079471e-02,-4.434941636347495934e-03,-5.054693537607238968e-02,-2.505473412766765981e-02
-1.606437311652781849e-02,3.427719389614414941e-02,1.194395232632078883e-02,-1.662479099021432066e-02,3.294633486224068757e-03,-2.085567535338365280e-02,4.797717048389261996e-02,2.364108670557867053e-02,-1.611593365298789535e-02,-3.361898763282614166e-02
1.534747622381671048e-02,-1.262990014219542677e-02,-8.288372860943846177e-03,8.196834471034680075e-03,-8.128638822817477877e-03,-1.204680886413161695e-03,-2.941976507012580844e-02,-1.563600346260097043e-02,-3.227261634791188383e-02,2.870837288154876737e-02
7.405582701663265648e-03,-2.383373450707181040e-02,2.958914070097183689e-03,-3.750739874755774916e-02,-1.906145121369743484e-02,-1.365571616738554643e-02,2.397444185365436853e-02,-1.999035998802804488e-03,-1.681816533301978486e-02,-1.823434892564220616e-02
3.308120037841094652e-02,1.245720956225138641e-03,-3.731559822520787162e-02,4.807362567929435171e-02,-5.636969607508797095e-03,-7.507970596868368193e-03,-3.543429792305594767e-02,-2.192259716547195411e-02,4.209254686330794054e-02,-2.521323336846467613e-03
5.764635930515667889e-02,6.829546157439274345e-02,4.689146993122298573e-02,-5.711686459357835297e-03,6.570264957979124465e-02,3.362213010018329229e-02,-6.303842901281076286e-03,1.057362061382428192e-02,7.712394866677188543e-02,2.082317053315095590e-03
3.480192115924777424e-02,1.353349819348635512e-02,3.887343356860500920e-02,-3.235428173258581008e-02,8.966764679553883982e-03,4.329685114580532346e-02,5.805252001280288010e-02,6.491297955481538547e-03,-1.783459836701924497e-02,6.038700644649302833e-03
1.853848521283948253e-02,4.807824379817300653e-02,4.925455281677143526e-02,-1.422028261600461266e-02,-3.806197230901536138e-02,1.720943600386862921e-02,1.158055507222962438e-02,1.066560392944516066e-02,1.883185985764397608e-02,1.243421435936141635e-02
1.764601532209136153e-02,3.473761530193715009e-03,4.350301927984279865e-02,2.215261603164866283e-02,-7.651179264987035059e-03,-1.789960382956879911e-02,4.391725262365452770e-02,7.044889674125457205e-03,-1.610481474405635327e-02,-6.453160106608057771e-03
-2.505425026141940709e-02,-3.287361626081748006e-02,-4.192573943691191296e-02,-2.865223451680339734e-02,8.221605194246863271e-03,-5.199499337398690371e-03,-4.297574052575958009e-02,-8.240737233461148392e-02,-6.005250688101966550e-02,-1.313586712502258676e-02
-8.610305487847486755e-03,-5.704006892478442892e-03,-4.123752451458716217e-02,6.145671592455981963e-02,2.990119270650470895e-02,4.574948934843834497e-02,9.362967823609031487e-03,1.895336805313199875e-03,1.511836274556959813e-04,4.027611541463474443e-02
-3.669075407878964051e-02,-2.137202878382232427e-02,-1.075218854309391986e-02,1.553378718582961934e-02,-3.076713498419568135e-02,-1.652929196947001619e-02,-2.660748783346839758e-02,-6.625023625962480484e-03,-3.669774658216391067e-02,-2.761042657570312794e-02
-2.255120993771262544e-02,1.439000485662272899e-02,-3.014703669934506395e-03,-6.181797929960161642e-02,-2.142957262824127240e-02,-4.076684744001648347e-02,-4.120034160232178416e-02,-3.396090748015868216e-02,5.457768373611627394e-02,-3.240188169544041402e-02
-1.157420465546377640e-02,-3.836198155992594228e-02,1.661004962294212670e-02,3.234163900443256384e-02,-2.834224951704691822e-03,3.223444617457360550e-02,4.506278163904483408e-02,-6.834430068682484372e-02,-4.530324161002530214e-02,1.319568078707324642e-02
3.110650979886880885e-02,6.605985468060793231e-02,4.017656273749290255e-03,-1.501625978139153883e-02,4.725034471671266112e-02,1.727884664598108855e-02,9.866850519898356930e-03,2.564194234024495464e-02,7.197595749021203082e-02,-1.933105967275147719e-02
-9.830102892344552701e-03,-2.212544890996292341e-02,-2.557678797623735151e-03,-3.471901675222595612e-03,2.537138733576101493e-02,1.960161691246967153e-02,-4.136904707851242480e-02,-5.735265180528040241e-02,-1.242647491348928927e-03,-1.278771918712156772e-02
-3.212904850413718372e-02,-7.625174330294232083e-02,-1.755142589063797207e-02,-3.430362132828792404e-02,-4.710284356787749344e-02,-6.602272812335950591e-02,-1.367592483654046787e-02,-2.105339951122270348e-02,-5.946524193777846801e-02,-1.548462241102610548e-02
6.842803334069921806e-02,2.177757704099560210e-02,1.146879107727026385e-02,-1.929060452049841459e-02,7.653273755517783772e-02,1.815591227739954405e-02,-9.380649845988761268e-03,2.271417967524215140e-02,9.132177736958145553e-02,-2.715006925627105883e-02
-4.621115244862739752e-02,-3.237370704308936004e-02,4.578716022299181287e-02,1.482188041916920537e-02,-4.723680755085241101e-02,-2.912283364531455948e-02,-1.448582651828689456e-02,-2.558754465494695804e-02,1.750916592604198629e-02,-2.063023099811771635e-02
3.462543061327369442e-02,-7.768109903402206813e-03,-1.952687703353867162e-03,-4.160242989610232756e-02,3.784101646167584154e-02,9.271103260209198962e-03,8.451350196529830439e-03,-3.100532756121329378e-02,2.418341440419312718e-02,8.017761933932786994e-03
1.396617336750383825e-03,-4.044305039546744994e-03,1.000719464427475558e-02,6.898668682175521094e-02,2.647521946995575956e-02,1.566743919874708998e-02,1.018209361512770889e-02,1.799399837943094216e-02,9.421358829723700673e-03,5.670054398695491965e-02
2.133366313637545010e-03,-5.381348686102191761e-03,5.237903062125598419e-03,-1.643671773070840393e-03,2.726398886435020541e-03,1.336880227899780137e-03,4.839295314182525884e-03,3.287078044509032099e-02,2.901196930078014241e-02,-2.905535807324257790e-04
-3.228693519864277856e-02,-1.682341482545307576e-02,-1.862088616245365438e-02,-5.899636871408897587e-02,1.955928660817445389e-02,1.617484868942034235e-02,4.049516601239107338e-02,-2.937905844763299273e-02,-3.138079679773314590e-02,-4.752786998328469996e-05
1.470895515955121871e-02,-2.578971614684104005e-02,-2.968137719518899528e-02,-3.478128726822792092e-03,-5.094650258089809119e-02,2.192550949728015383e-02,-2.456570296688158003e-02,4.386808498354145130e-03,2.140150032004122307e-02,-8.993703312338919079e-03
4.279213124971709657e-03,1.578786517050295019e-02,1.808877328582705933e-03,5.735612247383659740e-02,1.718653567920080602e-02,8.190918822974744065e-03,1.009216462009533515e-02,9.829577812056450661e-03,1.661786247209233458e-02,2.216963548992597483e-02
1.737500288811634833e-02,-1.854152041212912133e-02,-2.913074142966874669e-02,-2.183313420469741150e-03,-5.373839119445331103e-02,-2.043876578581112560e-02,-1.196777883250139604e-02,-5.568367636586277029e-03,-5.549973624390030710e-03,1.252615938608534624e-02
2.845313023168756159e-02,2.426014092630123312e-02,-1.381100168820801298e-02,-2.068649441520490143e-02,3.199575510095122033e-02,6.123212401174230740e-02,-3.059855201198396265e-03,-1.514125974715449519e-02,1.831209821614048633e-02,4.329993564481837004e-02
2.076634974734681630e-02,6.160258702351259497e-02,4.309279422873266152e-02,1.583004909429065743e-02,4.298937492418457990e-02,-2.539254275184068405e-02,9.287392992144863010e-03,5.205324362392391851e-02,5.766894572863712209e-02,-2.025999920542127797e-02
-1.913233025127207207e-02,2.500668224652013646e-02,3.448166603021687870e-02,-1.808248492647134692e-02,3.218517898245242242e-03,-6.944218241514439789e-03,1.923347803373522125e-02,-2.559556704150737355e-02,7.728549011724292900e-03,-2.969391369962125563e-02
-6.196063426170633770e-02,-2.194553867265525843e-02,6.771249850806097814e-02,-4.007877982225532820e-02,-2.583784979189132636e-02,-4.851549541957590056e-02,4.580752674734126645e-02,-2.086157804163786891e-02,-4.946715384906512358e-02,-4.674077090288389358e-02
1.603345819936346627e-03,2.333901220289040252e-03,2.555246508784880105e-02,6.668582541349306336e-02,6.807926579195374556e-03,3.257520477532687298e-03,1.075147456709554111e-02,6.164613317023025924e-02,-3.889555262836048855e-02,-8.377127053931491055e-03
-3.150522435466788368e-02,-9.058945506039806084e-03,1.458356926229119506e-02,-6.780339909975713342e-02,-1.546346848690835322e-02,-1.280149691465287329e-02,6.496179587706329972e-02,2.963460170149793960e-02,-2.748553982863317577e-02,2.956519957876210108e-03
9.229381060137417658e-03,-5.961616450621207847e-02,-1.386269603319590336e-03,-2.056968804935705927e-02,-8.145989780727043092e-03,-7.557154718434730065e-03,1.181552157249026770e-02,-9.561522857190158514e-03,1.081151316987552687e-02,-1.260887112385424350e-02
-7.589487483740143224e-03,-6.209557379359023459e-03,-1.814608179099630111e-02,5.581506651913850647e-02,-3.707913261663062232e-02,-5.717629006878295617e-02,2.794215861436828013e-02,-1.773476190916276670e-03,1.159198016239469664e-02,6.766709937909892204e-03
-3.428320282706885658e-02,4.371046459685728330e-02,1.054661304723950033e-02,3.857468983213815233e-02,-9.950139993487814791e-03,3.979706015971066352e-02,-8.320678411346938905e-03,8.301863260214094667e-03,4.264579754724971000e-02,6.777464089219716048e-02
1.972492903547638440e-02,-9.137754443988280184e-02,-1.190560681044842278e-02,-2.123689595241923939e-02,-3.816648611213695197e-02,-4.606963548541508080e-02,-4.139055140928533244e-02,-4.974520948931418496e-02,-3.616565821211880499e-02,-5.348524665617231805e-02
-6.480826920252732992e-02,-6.826142227243810201e-02,-9.682525373137523816e-02,2.491488208145808958e-02,-1.105090676419404234e-02,6.471100629864712933e-03,-6.733920912744900678e-02,-6.782725964750695169e-02,-5.917610685444767149e-02,-1.891408808349276729e-02
-1.944216625008681615e-02,3.473649289668626766e-02,7.003542932623191102e-03,5.317605612492358469e-03,-4.343021665625488442e-02,-2.721028643355142759e-02,5.684699023558302533e-02,2.598518398548984101e-02,-1.798985698184650539e-02,-3.980165136071886489e-02
2.905401839950025322e-02,4.194835065536855513e-03,-5.170686153581080524e-02,6.949511403245215227e-03,3.950741042581415452e-02,1.676060824636454658e-02,1.067221260065752929e-02,4.865358681562478513e-03,-1.571794902631787338e-02,3.389829381246921292e-02
3.375991903549589593e-04,-2.763075684032146803e-02,-3.266961963941266561e-02,4.019259768559544505e-02,2.361376940804177024e-02,1.660157690414697587e-02,-3.232994863624815557e-02,3.342976213923096792e-03,-1.106670176895859295e-02,4.016108759543207674e-02
-2.927370194349736970e-02,6.461543368391559593e-03,1.678419925874026107e-03,-7.219290376045379466e-03,-3.361428265423482831e-02,2.887958201071484307e-02,-3.067696155807190031e-02,2.686803384033449333e-03,-1.595677324652249734e-02,1.389658230158795501e-04
-4.167155877706888475e-04,-1.173242772482130207e-02,2.593839207522080290e-02,4.443157521491995082e-02,4.554343228310576280e-02,6.066670402721494743e-03,1.165851842029574405e-02,5.637074877608379969e-02,5.818928162269697800e-03,4.043941556842838708e-02
-2.377570618057515961e-02,-1.164790223268582017e-02,4.911296441481412083e-03,-6.774877319267798292e-03,1.240673521830210416e-02,6.155842903567102994e-03,8.653712446038372072e-03,2.047590013359343319e-02,8.121469724847354965e-03,-2.025724513937081708e-02
1.694538590935587910e-02,1.531305336352310233e-02,5.785835711943944359e-02,-3.002628370588569448e-02,-6.289240471392822107e-03,3.566552914183638255e-03,7.894208592776889855e-02,3.053517076043596457e-02,-1.560574957425927937e-02,-7.877198118665948781e-03
1.354477085665797787e-03,1.608746123412395368e-02,2.537920908131204023e-02,1.431446826398699579e-02,1.149414152576826165e-02,-4.136078685403147409e-02,6.045657537857417746e-02,-1.925348366324644567e-02,-1.344760083024612064e-02,-3.068818405193842261e-02
-2.359927900055841174e-02,-6.184461020060177949e-03,-1.744772056202331667e-02,9.157313771118984896e-03,-8.788803333988334798e-03,7.899132257270773810e-03,-3.245636158535454563e-02,-5.592396882502986138e-02,-4.403431957281482567e-02,-3.299119633264598409e-03
-1.362562820536737142e-02,-7.391062501485795924e-03,-1.069164419723546075e-02,1.635338386600761890e-02,7.826646984321060027e-03,3.725694003742237997e-02,1.838587340741947365e-02,3.749012243992363297e-02,-1.442666013274678319e-02,2.506695201021275077e-02
7.887297395976512748e-02,7.864776288939549775e-02,7.029378740525624170e-02,1.463123705836231157e-02,8.408062218666111087e-02,4.300071894359391161e-02,-1.928511501042350779e-02,4.841601688868005932e-02,9.369261682337315378e-02,-1.157233105940367636e-02
-2.978791200350705548e-02,-3.065601517514790139e-02,4.511651973891006584e-02,-3.045221403000248055e-03,2.451082608893723203e-02,2.133449631536756680e-02,2.279167618894736153e-02,4.141756393299137612e-02,8.075686145889168039e-04,5.858517378677243620e-02
1.508081472293948573e-02,4.389835814595968722e-02,1.488098614707343385e-02,4.007488007140806718e-02,2.197130413509100141e-02,5.754996525801592960e-02,-8.448720980871802025e-03,1.917707913678326145e-02,3.775054864926283282e-02,4.129262722886227477e-02
5.229018053832180934e-02,-3.533480643527561835e-03,-5.343857570209066543e-02,1.246069385322085520e-02,4.306555704548697960e-02,-1.586599123309023968e-03,6.580923240298843131e-03,-4.712808706952481552e-02,3.511673267705098245e-02,1.584964708557587768e-02
4.448601994393605596e-02,-4.280204514783864534e-04,-4.382515737376999759e-02,1.837741234789168343e-02,5.282253547039076486e-02,3.640569476160041376e-04,4.476781271918222477e-02,4.338275450769415661e-03,2.167133396457411945e-02,1.558765764736028299e-02
-2.446064296273987079e-03,9.410506129687875795e-03,-1.829320213858304581e-02,2.535283349129517638e-02,-1.719837635569632789e-02,-2.553895015845353625e-02,-3.169006985866109488e-02,1.502242721702211521e-02,1.135451667091730635e-02,5.223333646065186735e-03
-7.714294596915026968e-03,-6.278897100115530747e-03,3.273255538217001437e-02,-1.890577428659836329e-02,9.692487019289959885e-03,-1.835862180133559715e-03,2.755625995548120072e-02,2.006611695363394454e-02,7.620410203341468867e-03,1.192883608879960651e-02
-2.655272175613587748e-02,5.413520778888010476e-02,8.532597096520318919e-03,-7.161527733030939591e-02,-6.674550418101592164e-02,8.738106114534573490e-03,4.595090938661911678e-02,8.699101175495821750e-03,-8.059985186378557098e-03,-7.631207034262180167e-02
5.374486505721318835e-02,-1.127328075400834892e-02,6.069952905035758128e-03,-5.639869939947521338e-02,3.861158867423352282e-03,2.654170451005354731e-02,1.271861446599411791e-02,8.801356852037265158e-03,1.129525025685911878e-02,-3.247775548112754457e-02
2.422062639004504692e-02,2.295108076225870972e-02,4.361589618924389261e-02,3.425485124232643258e-02,-4.383896299999212078e-03,1.431579165619678573e-02,1.127637653192427140e-02,-3.638678370491751218e-02,3.645358298151328558e-02,-9.690629587661614766e-03
-3.221914323145338814e-03,-2.024442059771464422e-02,1.257174386983888649e-02,5.290598399791536510e-02,-4.174886894227517603e-02,1.473200546341528298e-02,-3.427863811641559955e-02,7.601654698932916975e-03,-1.124845702308460531e-02,1.871396415275523514e-02
-3.852268578398041973e-03,4.683727147162045079e-03,-1.625231149082491736e-02,1.577807976210692312e-02,1.331926055905576466e-02,-2.520318295911462667e-04,-3.388487192007595683e-02,-3.843334933225793504e-02,-1.834725632215435456e-02,4.274588876492840805e-02
-4.399563240007930282e-02,-2.456443440970177555e-02,1.386176022601567914e-02,2.033453786277785932e-02,-5.640424780362549018e-02,-3.088672987499926220e-02,7.992545026600472030e-03,-3.931734106727320655e-02,-1.984464963307125060e-02,-2.287735031940723793e-02
-7.188616632908248483e-03,1.763717826921801235e-02,2.981337776051659269e-02,-1.113299503447834002e-02,2.026004749214870351e-02,-4.879164980290800341e-02,1.184242844283309691e-02,2.866165464047017337e-03,-2.454641150618269707e-02,-4.741183677993415085e-02
-5.388364683945123801e-02,1.343686386155091769e-02,-3.035623569181130840e-02,4.577223630160925233e-02,2.022223868872202127e-03,-4.412119936893532960e-04,3.361815085752496018e-02,2.294040834606042925e-02,1.341637379681356532e-02,1.248493287327935054e-02
5.331049742278417408e-02,-1.346876152994458571e-02,-3.564313485572382593e-03,-2.179122002440276804e-02,1.151962264019075650e-02,2.437972743444486150e-03,4.708099220508676734e-03,-6.334138628019733708e-02,-1.553831160788883168e-03,-8.535296153941190900e-03
4.259285179216047712e-02,-1.978158569179152768e-02,7.124313320757712231e-03,1.685675844809907467e-02,2.408769731311056345e-02,1.915026150664512691e-02,2.563631209130222063e-02,-2.363023983942002040e-02,1.461655206151868565e-02,1.326520977670615949e-02
1.440188375260603552e-02,3.899484808580926435e-04,2.614526970163953343e-02,-2.846458712504407532e-02,2.104664030779797648e-02,4.919157289696798191e-03,-2.273944781408765436e-02,1.848895369608849829e-02,-1.296227315652867529e-02,-5.512676857831198124e-02
-1.965826498911036127e-02,3.325402186408906845e-03,4.115192017234325234e-02,2.798127589334895721e-02,-3.848642536134975339e-02,3.310504982915051572e-03,1.601717084783049402e-02,3.606774320049987298e-02,-4.434991919857804443e-02,-2.461363423078283610e-02
-3.494725442885077745e-03,1.161994081057344391e-02,-4.253772102702373797e-02,2.966830049480785603e-02,1.948807544926741634e-03,6.268966838609681125e-02,7.288424383874834642e-03,-7.021519964348353279e-03,-3.900436276153858295e-02,5.437925848941062290e-02
-8.571687557992251072e-03,2.805452093988132153e-02,7.756076452719417279e-03,2.896722199633153250e-02,3.006426225529500174e-02,7.403071043457688793e-02,2.585549624576634342e-02,2.868991555424528841e-02,-1.070355729944474747e-02,1.115806722761798937e-02
6.387927453765961106e-02,3.952864950365224395e-02,4.711433217816050900e-03,1.499820385382065122e-02,4.702497960821008793e-02,1.860670523053540443e-02,-1.300021155395048901e-02,1.841543680013367837e-02,7.360434648330262120e-02,-3.126200233267482226e-02
5.590960318942637779e-03,3.233374629059209554e-02,1.680095941839601995e-02,2.331596147259654833e-02,1.280577896138821933e-02,1.608938138472416554e-02,2.414378277880683751e-02,1.041977258741752770e-03,6.981475019035554390e-03,1.649098831253284492e-02
3.712734921713648417e-04,-5.525385556269128695e-02,-5.171798890798410403e-02,-6.469654581589549987e-03,4.974879990556977521e-02,-7.796292596808298767e-03,7.881038560697491190e-04,7.220335531558649128e-03,-1.835496547065168862e-02,-3.454870867446348942e-02
-2.033144464842324278e-02,-2.810035785127912560e-03,-1.127573422244173944e-02,-3.660110608049935155e-02,7.736712137606058248e-03,3.326844508611823126e-02,2.053707976897410983e-02,-5.172178211454101643e-02,2.024878953963396566e-02,2.944856003093290851e-03
3.001561215031343932e-02,2.986077958369201535e-02,-6.493338411039348800e-03,4.058635674312077724e-02,5.368437594826966364e-02,1.105560919714669924e-02,-1.583141807519590494e-02,1.157719803921667366e-02,2.977772498802484791e-02,2.380961534915213354e-02
3.212620846971275812e-02,-6.087829758945469821e-02,-1.654561824673493955e-02,-3.746271925316918376e-03,1.031122830455323026e-02,-4.867846029282572873e-02,-1.250935806030199424e-02,1.248383560392417151e-02,-3.308137354159149546e-03,-8.686442801898877977e-03
-3.143419370627578702e-02,4.124002818717269203e-02,2.630604184329971007e-02,1.193188876306665834e-02,-2.248057140132273327e-02,-1.861778736902536258e-02,-9.530607231058014703e-03,7.375069981827714338e-03,-2.238199936133045478e-02,-1.268940153748107993e-02
-2.367343893474163283e-02,1.905482734706498774e-03,2.874609743672148360e-02,3.348010136795139674e-02,-1.811576922374275034e-02,-3.416091172620371735e-02,4.349203545601754844e-02,5.158384209862126868e-02,5.241998794389700345e-02,-2.539511894288783503e-02
-1.599691750364779300e-03,3.228423308943529496e-02,2.298536822335306776e-02,7.603450980451589587e-04,-2.183666908348518704e-03,4.638054410341450884e-03,1.906204229852190291e-02,3.581727782989790887e-02,-9.193270977554585804e-03,4.591246929678129834e-02
2.384108350336636845e-02,-1.115968747640312501e-02,5.555294331703276509e-03,1.367591007410428813e-02,-7.436393724246341194e-03,2.637242054677560801e-02,-4.187259464690466088e-02,3.556718237843990715e-02,-1.587081429295505303e-02,5.073852792520323896e-02
-1.992124657783260824e-02,5.802479106702088107e-02,-8.355657730008127573e-03,-1.590418468183446218e-02,1.125050026977489305e-03,3.239098073769303837e-02,2.880911571508051536e-02,-1.667179508678390265e-02,-1.227382904605489773e-02,-1.486119835162135958e-02
-1.208409855563549219e-02,-3.621806653321991976e-02,-1.924543811620178096e-02,-5.805278103883565466e-02,-7.411512162635383594e-02,-1.461602368787653407e-02,-2.613724688369530730e-02,-6.548486989547616655e-04,-1.576990946428256588e-02,-2.104864122998815687e-02
2.595141549460893912e-02,3.430098833297718069e-03,4.802187835929142175e-03,4.519664106696506291e-03,5.290683797991455051e-02,2.102162127272528061e-02,-2.968610937730588317e-02,3.521032629473867109e-02,5.594934266290459840e-02,2.841633418142031769e-02
5.463670307536482029e-02,2.322626863630369159e-02,1.431849945810430291e-02,4.072039122522191912e-02,1.887167602742445896e-02,3.945080250925632470e-02,6.480080270545091796e-04,-9.893981841045293782e-03,2.763208365818239226e-02,-7.630750277358587432e-04
1.853576889577089951e-02,-2.030684486769908717e-02,4.157032493072216478e-02,-4.562364693342273181e-02,-6.981848981923536321e-04,1.033276137008402006e-02,3.046802307722512593e-02,-1.323177203111467609e-02,-1.628130652345616616e-02,4.168386769143555756e-03
4.872490606129267071e-02,-1.349126917932918189e-02,7.401636510837839543e-03,-1.723780378734407828e-02,5.497942567767718364e-02,7.811185315036457688e-02,-2.703832859817541928e-02,-9.754743110816381860e-03,-1.293215927060862441e-02,2.015282545464971986e-02
4.495058787574392895e-02,-1.171419171278642590e-02,-3.072718890987855347e-02,-7.207876891801380526e-02,1.999318533570541845e-02,-4.246405073287239963e-03,-1.682262345377902660e-02,-2.818942404413381925e-02,1.074148334175957856e-02,-7.618322160790302888e-02
-2.883822675098875882e-02,2.938090764321953444e-02,5.186573243421880447e-02,-2.068719824814119895e-02,-3.410562507866595622e-02,-3.394151886872139728e-02,-2.429072825659860362e-03,1.628726172042099796e-02,1.589339311482861061e-02,-6.357415957851602663e-03
-1.501974410833638914e-03,-3.305164605095963631e-02,4.621169170799270184e-03,-3.344016440234481163e-02,2.816129292154600713e-02,-2.486066040515112763e-02,-2.427100863437255465e-02,1.923671944647919324e-02,-1.565781479900723097e-02,3.026011777772329072e-03
-3.845552641308679076e-02,-3.140686876774305414e-02,-2.511421748836759320e-03,2.562808049913372493e-02,-6.631143843980535912e-02,-3.069961735730476066e-02,1.623600258343502883e-02,1.476674923163910982e-02,-3.350237174189051731e-02,2.909213513793518918e-02
-5.074486207176109182e-02,-2.515118676952634094e-02,-4.725295558626028958e-02,-3.141272156689531303e-02,-4.780515159620993271e-02,-2.014514393591183491e-02,1.121157350329359719e-03,-7.684511306823271770e-02,-6.537436119177600369e-02,-7.635685554093207816e-02
3.131679651265615455e-02,-5.567792282665864206e-02,-6.825768578349061810e-02,1.217730557773159632e-02,5.604701047916105933e-02,5.747426144625950722e-02,-1.865382320025605820e-02,-2.281434048361429684e-02,-1.030466629067963193e-02,7.352743519870640586e-03
